Group	P10_D00_010_C0E	P02_D00_010_C0A	P04_D00_010_C0B	P06_D00_010_C0C	P08_D00_010_C0D	P01_D00_010_W3A	P03_D00_010_W3B	P05_D00_010_W3C	P07_D00_010_W3D	P09_D00_010_W3E	P01_D00_010_W8A	P03_D00_010_W8B	P05_D00_010_W8C	P07_D00_010_W8D	P09_D00_010_W8E
ASV147	232.204339819041	167.864097226885	0	243.137254901961	241.207594148771	246.34110998406	72.4733166425089	0	319.29754540012	129.374914884924	282.414961717083	186.219739292365	158.307548391739	0	240.818783865141
ASV120	0	0	0	0	0	0	0	0	0	0	31.379440190787	3054.00372439479	532.489026408577	0	0
ASV467	0	0	0	0	0	188.378495870164	39.530899986823	0	119.736579525045	0	37.6553282289444	0	0	359.742324102736	210.716435881999
ASV123	56.049323404596	67.145638890754	184.018684974167	203.921568627451	350.140056022409	0	309.658716563447	529.199352509028	139.692676112552	211.085387443824	87.8624325342036	0	0	250.983016815862	802.729279550472
ASV573	64.0563696052526	0	169.863401514615	62.7450980392157	0	0	158.123599947292	74.7104968248039	0	61.2828544191747	43.9312162671018	0	7.19579765416997	125.491508407931	0
ASV342	0	100.718458336131	0	47.0588235294118	108.932461873638	202.869149398638	112.004216629332	93.3881210310049	86.4764185458658	74.9012665123247	106.690096648676	195.530726256983	136.720155429229	66.9288044842299	0
ASV388	128.112739210505	94.0038944470557	0	274.509803921569	591.34765017118	0	0	0	0	0	0	0	0	0	0
ASV270	240.211386019697	100.718458336131	247.717460542147	368.627450980392	256.769374416433	181.133169105927	26.3539333245487	0	19.9560965875075	108.947296745199	0	0	0	0	0
ASV40	344.302986628233	396.159269455449	460.046712435417	611.764705882353	575.785869903517	384.002318504565	467.782316510739	442.037106213423	352.557706379299	578.782513958872	263.587297602611	0	187.090739008419	393.206726344851	2036.92554685932
ASV421	160.140924013132	0	191.096326703942	227.450980392157	0	0	158.123599947292	168.098617855809	0	102.138090698625	0	0	0	0	0
ASV12	936.82440547682	1349.62734170416	580.366621841602	517.64705882353	560.224089635854	1333.14012461962	1047.56884965081	628.813348275433	1051.02108694206	1096.28217349857	1110.83218275386	577.281191806331	431.747859250198	928.63716221869	0
ASV78	280.24661702298	167.864097226885	240.639818812372	384.313725490196	186.741363211951	188.378495870164	164.712083278429	118.291619972606	212.865030266747	163.420945117799	225.931969373666	661.080074487896	647.621788875297	409.938927465908	903.070439494281
ASV61	944.831451677476	517.021419458806	261.872744001699	345.098039215686	389.044506691566	463.700912911172	283.304783238898	0	352.557706379299	0	0	0	482.118442829388	460.135530829081	250.852899859522
ASV505	0	47.0019472235278	212.329251893269	47.0588235294118	101.151571739807	86.9439211708448	0	74.7104968248039	46.5642253708508	95.3288846520496	0	0	0	0	0
ASV52	632.55664985187	376.015577788223	332.649161299455	282.352941176471	365.701836290072	710.042022895233	224.008433258664	273.938488357614	379.165835162642	449.407599073948	345.173842098657	474.860335195531	259.048715550119	250.983016815862	0
ASV22	232.204339819041	470.019472235278	396.347936867436	407.843137254902	568.004979769686	565.135487610491	751.087099749638	603.909849333831	1024.41295815872	1123.51899768487	953.934981799925	847.299813780261	568.468014679427	418.305028026437	0
ASV149	160.140924013132	147.720405559659	325.571519569679	101.960784313725	342.359165888578	166.642515577453	217.419949927527	161.872743120408	99.7804829375374	88.5196786054746	119.241872724991	130.353817504655	14.3915953083399	217.518614573747	431.466987758379
ASV157	176.155016414445	342.442758342846	247.717460542147	47.0588235294118	124.494242141301	340.530357919142	289.893266570036	155.646868385008	79.8243863500299	54.4736483725997	0	0	0	0	0
ASV369	0	0	0	0	0	0	0	0	0	0	106.690096648676	1471.13594040968	50.3705835791897	0	0
ASV674	264.232524621667	0	184.018684974167	125.490196078431	0	50.7172873496595	39.530899986823	87.1622462956045	0	0	0	0	0	0	0
ASV216	0	0	0	0	0	0	0	0	0	0	125.517760763148	614.525139664804	417.356263941858	0	0
ASV111	152.133877812475	221.580608339488	339.726803029231	141.176470588235	350.140056022409	369.51166497609	197.654499934115	105.839870501806	179.604869287567	156.611739071224	119.241872724991	167.597765363129	223.069727279269	83.6610056052874	481.637567730283
ASV345	0	134.291277781508	92.0093424870833	62.7450980392157	70.0280112044818	65.2079408781336	184.477533271841	199.22799153281	79.8243863500299	81.7104725588996	37.6553282289444	0	0	66.9288044842299	180.614087898856
ASV30	0	0	0	0	0	0	0	0	0	0	188.276641144722	3659.21787709497	2057.99812909261	0	0
ASV75	416.366402434142	416.302961122675	721.919456437115	486.274509803922	0	0	388.720516537093	566.554600921429	312.645513204284	428.979980934223	0	0	0	0	0
ASV228	280.24661702298	188.007788894111	155.708118055064	141.176470588235	241.207594148771	246.34110998406	46.1193833179602	112.065745237206	113.084547329209	88.5196786054746	0	0	0	0	0
ASV105	0	241.724300006715	247.717460542147	250.980392156863	365.701836290072	195.623822634401	401.897483199368	516.747603038227	172.952837091732	163.420945117799	0	0	0	0	0
ASV183	440.387541036112	248.43886389579	410.503220326987	282.352941176471	163.398692810458	0	197.654499934115	155.646868385008	113.084547329209	122.565708838349	0	0	0	0	0
ASV50	376.331171430859	376.015577788223	375.115011678109	250.980392156863	451.291627762216	239.095783219823	243.773883252075	454.488855684224	385.817867358478	619.637750238322	219.656081335509	316.573556797021	244.657120241779	568.894838115954	280.955247842665
ASV55	360.317079029546	611.025313905862	261.872744001699	329.411764705882	256.769374416433	412.983625561513	395.30899986823	435.811231478023	658.551187387747	265.559035816424	238.483745449981	111.731843575419	115.132762466719	267.71521793692	280.955247842665
ASV385	0	80.5747666689049	134.475192865737	141.176470588235	54.4662309368192	79.6985944066077	92.2387666359204	87.1622462956045	79.8243863500299	47.6644423260248	0	0	0	0	0
ASV329	0	87.2893305579803	113.24226767641	117.647058823529	46.6853408029879	101.434574699319	138.358149953881	49.8069978832026	79.8243863500299	129.374914884924	0	0	0	0	0
ASV91	120.105693009849	315.584502786544	162.78575978484	188.235294117647	287.892934951758	195.623822634401	237.185399920938	168.098617855809	299.341448812612	306.414272095874	370.277394251287	363.128491620112	410.160466287688	133.85760896846	170.579971904475
ASV224	320.281848026263	221.580608339488	127.397551135961	290.196078431373	132.275132275132	137.661208520504	0	155.646868385008	126.388611720881	40.8552362794498	0	0	0	0	0
ASV508	8.00704620065658	94.0038944470557	176.941043244391	101.960784313725	132.275132275132	57.9626141138965	39.530899986823	80.9363715602042	59.8682897625225	54.4736483725997	0	0	0	0	0
ASV89	304.26775562495	80.5747666689049	113.24226767641	227.450980392157	132.275132275132	304.303724097957	131.769666622743	261.486738886814	399.12193175015	149.802533024649	520.898707167064	428.305400372439	510.901633446068	292.813519618506	160.545855910094
ASV603	160.140924013132	87.2893305579803	0	39.2156862745098	0	0	59.2963499802346	37.3552484124019	0	68.0920604657497	37.6553282289444	0	0	125.491508407931	210.716435881999
ASV296	120.105693009849	107.433022225206	0	47.0588235294118	0	0	0	0	0	0	56.4829923434166	260.707635009311	424.552061596028	92.0271061658161	0
ASV219	0	167.864097226885	169.863401514615	219.607843137255	280.112044817927	246.34110998406	256.95084991435	0	0	204.276181397249	0	0	0	0	0
ASV209	608.5355112499	0	233.562177082596	313.725490196078	412.38717709306	0	0	0	0	0	0	0	0	0	0
ASV285	120.105693009849	134.291277781508	35.3882086488782	54.9019607843137	116.71335200747	217.359802927112	0	0	192.908933679239	54.4736483725997	207.104305259194	0	64.7621788875297	142.223709528989	0
ASV25	640.563696052526	570.737930571409	636.987755679807	635.294117647059	568.004979769686	898.420518765396	309.658716563447	323.745486240817	598.682897625225	483.453629306823	577.381699510481	1070.7635009311	546.880621716917	401.572826905379	0
ASV177	0	221.580608339488	219.406893623045	235.294117647059	264.550264550265	137.661208520504	0	168.098617855809	179.604869287567	224.703799536974	119.241872724991	0	107.936964812549	167.322011210575	0
ASV233	0	335.72819445377	0	117.647058823529	85.5897914721444	86.9439211708448	158.123599947292	93.3881210310049	0	115.756502791774	144.34542487762	214.15270018622	223.069727279269	192.420312892161	0
ASV180	272.239570822324	275.297119452092	176.941043244391	109.803921568627	70.0280112044818	188.378495870164	177.889049940704	0	133.040643916717	231.513005583549	0	0	0	0	0
ASV378	0	0	84.9317007573077	101.960784313725	715.841892312481	0	0	0	0	0	0	0	0	0	0
ASV158	272.239570822324	141.005841670583	198.173968433718	227.450980392157	210.084033613445	79.6985944066077	184.477533271841	224.131490474412	93.1284507417016	306.414272095874	50.2071043052592	46.5549348230912	14.3915953083399	225.884715134276	401.364639775236
ASV429	0	0	0	0	0	0	191.066016602978	211.679741003611	166.300804895896	163.420945117799	0	0	0	0	0
ASV80	288.253663223637	248.43886389579	120.319909406186	141.176470588235	108.932461873638	217.359802927112	98.8272499670576	174.324492591209	485.598350296015	122.565708838349	514.622819128907	595.903165735568	705.188170108657	217.518614573747	270.921131848284
ASV244	0	214.866044450413	268.950385731474	219.607843137255	217.864923747277	115.925228227793	125.181183291606	0	172.952837091732	108.947296745199	0	0	0	0	0
ASV384	152.133877812475	120.862150003357	304.338594380352	258.823529411765	0	0	0	0	0	0	0	0	0	0	0
ASV468	56.049323404596	114.147586114282	120.319909406186	141.176470588235	155.617802676626	28.9813070569483	72.4733166425089	0	0	74.9012665123247	0	0	0	0	0
ASV67	240.211386019697	389.444705566373	396.347936867436	392.156862745098	326.797385620915	478.191566439646	448.016866517328	541.651101979828	179.604869287567	129.374914884924	69.0347684197314	0	0	686.020245963357	441.501103752759
ASV455	168.147970213788	20.1436916672262	70.7764172977564	133.333333333333	0	57.9626141138965	0	0	66.5203219583583	74.9012665123247	56.4829923434166	111.731843575419	237.461322587609	0	0
ASV374	0	60.4310750016786	63.6987755679807	31.3725490196078	0	0	65.8848333113717	0	119.736579525045	415.361568841073	0	0	0	0	0
ASV195	120.105693009849	67.145638890754	92.0093424870833	211.764705882353	311.235605353252	166.642515577453	164.712083278429	211.679741003611	106.432515133373	108.947296745199	50.2071043052592	0	0	184.054212331632	672.28577162352
ASV518	0	107.433022225206	0	39.2156862745098	194.522253345783	65.2079408781336	0	80.9363715602042	0	108.947296745199	87.8624325342036	0	43.1747859250198	133.85760896846	0
ASV188	536.472095443991	268.582555563016	0	141.176470588235	155.617802676626	304.303724097957	171.300566609566	0	0	231.513005583549	0	0	0	0	0
ASV83	384.338217631516	261.867991673941	467.124354165192	243.137254901961	420.168067226891	239.095783219823	382.132033205956	255.260864151413	252.777223441761	211.085387443824	0	0	179.894941354249	292.813519618506	732.490467589805
ASV517	0	33.572819445377	56.6211338382051	70.5882352941177	0	101.434574699319	59.2963499802346	62.2587473540032	0	40.8552362794498	131.793648801305	0	0	100.393206726345	250.852899859522
ASV521	576.507326447274	0	0	39.2156862745098	124.494242141301	14.4906535284741	6.58848333113717	0	33.2601609791791	54.4736483725997	0	0	0	0	0
ASV246	168.147970213788	188.007788894111	219.406893623045	149.019607843137	140.056022408964	202.869149398638	138.358149953881	105.839870501806	86.4764185458658	27.2368241862999	125.517760763148	0	28.7831906166799	125.491508407931	70.2388119606663
ASV116	88.0775082072224	248.43886389579	205.251610163494	86.2745098039216	451.291627762216	159.397188813215	164.712083278429	423.359482007222	139.692676112552	224.703799536974	294.966737793398	167.597765363129	215.873929625099	66.9288044842299	0
ASV119	0	0	0	0	0	202.869149398638	224.008433258664	579.00635039223	279.385352225105	0	0	0	0	0	0
ASV221	160.140924013132	161.14953333781	134.475192865737	0	62.2471210706505	144.906535284741	158.123599947292	205.453866268211	59.8682897625225	122.565708838349	207.104305259194	139.664804469274	251.852917895949	0	0
ASV185	424.373448634799	248.43886389579	254.795102271923	274.509803921569	163.398692810458	108.679901463556	65.8848333113717	143.195118914207	0	68.0920604657497	0	0	0	0	0
ASV163	208.183201217071	214.866044450413	63.6987755679807	0	0	195.623822634401	0	62.2587473540032	272.733320029269	197.466975350674	276.139073678926	307.262569832402	302.223501475139	0	240.818783865141
ASV127	168.147970213788	208.151480561338	120.319909406186	62.7450980392157	93.3706816059757	159.397188813215	243.773883252075	186.77624206201	146.344708308388	490.262835353398	69.0347684197314	512.104283054004	352.594085054328	0	321.091711820189
ASV394	0	141.005841670583	134.475192865737	117.647058823529	77.8089013383131	79.6985944066077	85.6502833047832	118.291619972606	99.7804829375374	68.0920604657497	0	0	0	0	0
ASV103	168.147970213788	355.871886120996	283.105669191026	211.764705882353	256.769374416433	159.397188813215	230.596916589801	354.874859917818	279.385352225105	142.993326978074	338.8979540605	0	107.936964812549	225.884715134276	301.023479831427
ASV205	128.112739210505	100.718458336131	191.096326703942	125.490196078431	62.2471210706505	101.434574699319	85.6502833047832	155.646868385008	206.212998070911	156.611739071224	175.724865068407	325.884543761639	165.503346045909	0	0
ASV108	0	0	0	0	0	0	0	0	0	0	56.4829923434166	3184.35754189944	410.160466287688	0	0
ASV139	0	174.578661115961	84.9317007573077	86.2745098039216	217.864923747277	181.133169105927	256.95084991435	93.3881210310049	159.64877270006	136.184120931499	313.79440190787	148.975791433892	266.244513204289	75.2949050447586	391.330523780855
ASV171	96.0845544078789	261.867991673941	77.854059027532	164.705882352941	0	188.378495870164	0	99.6139957664052	219.517062462582	142.993326978074	257.311409564453	242.085661080074	71.9579765416997	167.322011210575	280.955247842665
ASV144	256.22547842101	208.151480561338	205.251610163494	0	0	282.567743805246	0	0	332.601609791791	388.124744654773	0	0	0	0	0
ASV259	80.0704620065658	181.293225005036	0	125.490196078431	303.454715219421	57.9626141138965	26.3539333245487	336.197235711617	93.1284507417016	74.9012665123247	0	0	0	0	0
ASV502	0	0	0	0	0	57.9626141138965	0	0	126.388611720881	190.657769304099	75.3106564578888	158.28677839851	208.678131970929	0	0
ASV14	592.521418848587	1517.49143893104	658.220680869134	658.823529411765	995.953937130408	615.852774960151	718.144683093952	1550.24280911468	858.112153262822	973.71646466022	947.659093761767	623.836126629423	410.160466287688	1221.4506818372	862.933975516757
ASV427	0	167.864097226885	0	133.333333333333	132.275132275132	0	105.415733298195	149.420993649608	0	95.3288846520496	0	0	0	0	0
ASV107	0	0	0	0	0	0	0	31.1293736770016	232.821126854254	674.111398610922	31.379440190787	1620.11173184358	769.950348996186	0	0
ASV454	152.133877812475	107.433022225206	219.406893623045	70.5882352941177	70.0280112044818	72.4532676423707	39.530899986823	118.291619972606	0	40.8552362794498	0	0	0	0	0
ASV238	192.169108815758	87.2893305579803	0	86.2745098039216	0	0	65.8848333113717	112.065745237206	139.692676112552	170.230151164374	144.34542487762	204.841713221601	309.419299129309	100.393206726345	0
ASV203	112.098646809192	208.151480561338	155.708118055064	141.176470588235	599.128540305011	108.679901463556	118.592699960469	143.195118914207	79.8243863500299	40.8552362794498	0	0	0	0	0
ASV43	1265.11329970374	449.875780568052	523.745488003397	580.392156862745	505.757858699035	818.721924358789	250.362366583213	87.1622462956045	399.12193175015	326.841890235599	213.380193297352	93.1098696461825	187.090739008419	560.528737555425	270.921131848284
ASV199	312.274801825607	235.009736117639	424.658503786538	298.039215686275	233.426704014939	0	0	0	0	0	0	0	0	0	0
ASV198	192.169108815758	0	184.018684974167	188.235294117647	178.96047307812	195.623822634401	0	0	186.256901483403	299.605066049299	225.931969373666	0	86.3495718500396	292.813519618506	0
ASV200	0	470.019472235278	254.795102271923	0	319.016495487084	152.151862048978	336.012649887996	236.583239945212	186.256901483403	0	0	0	0	0	0
ASV354	0	47.0019472235278	99.0869842168589	149.019607843137	132.275132275132	72.4532676423707	59.2963499802346	155.646868385008	73.1723541541941	74.9012665123247	0	0	0	0	0
ASV262	0	295.440811119318	92.0093424870833	62.7450980392157	186.741363211951	101.434574699319	105.415733298195	161.872743120408	199.560965875075	170.230151164374	0	0	0	0	0
ASV353	192.169108815758	87.2893305579803	176.941043244391	47.0588235294118	0	181.133169105927	92.2387666359204	199.22799153281	0	88.5196786054746	0	0	0	0	0
ASV193	144.126831611818	147.720405559659	325.571519569679	149.019607843137	147.836912542795	152.151862048978	144.946633285018	205.453866268211	59.8682897625225	54.4736483725997	75.3106564578888	37.243947858473	0	192.420312892161	270.921131848284
ASV87	0	0	0	0	0	0	0	0	0	0	69.0347684197314	4022.34636871508	237.461322587609	0	0
ASV58	0	362.586450010072	495.434921084295	509.803921568627	684.718331777155	173.88784234169	520.490183159837	622.587473540032	359.209738575135	306.414272095874	0	0	0	0	0
ASV562	72.0634158059092	94.0038944470557	49.5434921084295	54.9019607843137	85.5897914721444	94.1892479350819	13.1769666622743	0	53.2162575666866	27.2368241862999	75.3106564578888	102.420856610801	86.3495718500396	0	0
ASV444	0	80.5747666689049	268.950385731474	0	101.151571739807	0	125.181183291606	211.679741003611	139.692676112552	0	0	0	0	0	0
ASV142	0	396.159269455449	148.630476325288	250.980392156863	256.769374416433	239.095783219823	204.242983265252	155.646868385008	239.47315905009	54.4736483725997	0	0	0	0	0
ASV56	368.324125230203	711.743772241993	714.841814707339	439.21568627451	606.909430438842	318.794377626431	177.889049940704	529.199352509028	305.993481008448	102.138090698625	0	0	0	0	0
ASV344	144.126831611818	80.5747666689049	134.475192865737	125.490196078431	93.3706816059757	0	118.592699960469	112.065745237206	66.5203219583583	40.8552362794498	56.4829923434166	0	0	167.322011210575	501.705799719045
ASV13	768.676435263031	846.035050023501	700.686531247788	705.882352941176	848.117024587613	710.042022895233	1185.92699960469	1338.56306811107	1004.45686157121	490.262835353398	1016.6938621815	437.616387337058	597.251205296107	1639.75570986363	973.309251454947
ASV135	256.22547842101	355.871886120996	0	274.509803921569	233.426704014939	311.549050862194	230.596916589801	273.938488357614	0	0	50.2071043052592	0	0	284.447419057977	802.729279550472
ASV302	0	120.862150003357	99.0869842168589	94.1176470588235	0	239.095783219823	184.477533271841	0	146.344708308388	0	219.656081335509	102.420856610801	35.9789882708498	0	0
ASV362	208.183201217071	33.572819445377	84.9317007573077	180.392156862745	163.398692810458	0	85.6502833047832	62.2587473540032	0	68.0920604657497	0	27.9329608938547	50.3705835791897	234.250815694805	170.579971904475
ASV516	96.0845544078789	87.2893305579803	0	156.862745098039	77.8089013383131	210.114476162875	0	56.0328726186029	33.2601609791791	47.6644423260248	87.8624325342036	46.5549348230912	28.7831906166799	0	0
ASV136	104.091600608536	194.722352783187	162.78575978484	149.019607843137	132.275132275132	217.359802927112	329.424166556859	485.618229361225	192.908933679239	88.5196786054746	138.069536839463	0	86.3495718500396	167.322011210575	0
ASV317	0	0	0	0	0	0	0	0	0	0	0	837.988826815642	251.852917895949	0	270.921131848284
ASV112	448.394587236768	174.578661115961	325.571519569679	454.901960784314	412.38717709306	239.095783219823	144.946633285018	74.7104968248039	113.084547329209	149.802533024649	43.9312162671018	0	0	267.71521793692	120.409391932571
ASV437	0	26.8582555563016	49.5434921084295	0	70.0280112044818	0	32.9424166556859	0	126.388611720881	54.4736483725997	106.690096648676	167.597765363129	71.9579765416997	150.589810089517	230.784667870761
ASV275	256.22547842101	147.720405559659	0	211.764705882353	256.769374416433	0	0	0	0	0	0	0	0	0	0
ASV165	288.253663223637	208.151480561338	332.649161299455	227.450980392157	264.550264550265	326.039704390668	0	180.550367326609	232.821126854254	0	0	0	0	0	0
ASV17	560.49323404596	1154.90498892097	530.823129733173	368.627450980392	762.527233115468	999.855093464715	1021.21491632626	672.394471423235	758.331670325284	687.729810704072	979.038533952554	1005.58659217877	438.943656904368	527.06433531331	250.852899859522
ASV379	120.105693009849	94.0038944470557	99.0869842168589	117.647058823529	0	0	164.712083278429	93.3881210310049	66.5203219583583	88.5196786054746	0	0	0	0	0
ASV19	864.76098967091	604.310750016786	552.0560549225	627.450980392157	801.431683784625	854.948558179974	533.667149822111	491.844104096626	778.287766912792	626.446956284897	822.141332998619	689.01303538175	769.950348996186	861.70835773446	1194.05980333133
ASV265	192.169108815758	161.14953333781	0	78.4313725490196	0	159.397188813215	39.530899986823	193.00211679741	106.432515133373	156.611739071224	0	0	0	0	0
ASV602	0	0	0	0	0	0	0	87.1622462956045	79.8243863500299	142.993326978074	125.517760763148	37.243947858473	35.9789882708498	0	411.398755769617
ASV23	384.338217631516	644.598133351239	764.385306815769	807.843137254902	715.841892312481	594.11679466744	751.087099749638	597.683974598431	658.551187387747	517.499659539698	564.829923434166	493.482309124767	323.810894437648	669.288044842299	0
ASV71	272.239570822324	228.295172228564	283.105669191026	368.627450980392	171.179582944289	420.22895232575	256.95084991435	174.324492591209	166.300804895896	354.078714421898	395.380946403916	353.817504655494	244.657120241779	317.911821300092	1103.7527593819
ASV99	440.387541036112	208.151480561338	106.164625946635	164.705882352941	186.741363211951	695.551369366758	250.362366583213	0	126.388611720881	142.993326978074	232.207857411824	148.975791433892	122.328560120889	217.518614573747	471.603451735902
ASV117	360.317079029546	248.43886389579	148.630476325288	164.705882352941	373.482726423903	166.642515577453	144.946633285018	80.9363715602042	172.952837091732	320.032684189024	175.724865068407	0	395.768870979348	125.491508407931	0
ASV45	0	308.869938897469	530.823129733173	462.745098039216	490.196078431373	130.415881756267	1594.4129661352	865.396588220645	232.821126854254	476.644423260248	125.517760763148	0	129.524357775059	142.223709528989	0
ASV223	128.112739210505	147.720405559659	169.863401514615	188.235294117647	163.398692810458	130.415881756267	131.769666622743	130.743369443407	0	115.756502791774	0	0	0	0	0
ASV41	968.852590279446	416.302961122675	268.950385731474	454.901960784314	287.892934951758	492.682219968121	256.95084991435	224.131490474412	359.209738575135	190.657769304099	608.761139701268	642.458100558659	352.594085054328	393.206726344851	571.944611679711
ASV197	392.345263832172	100.718458336131	49.5434921084295	101.960784313725	178.96047307812	246.34110998406	52.7078666490974	12.4517494708006	99.7804829375374	108.947296745199	320.070289946027	83.7988826815643	122.328560120889	92.0271061658161	0
ASV279	160.140924013132	214.866044450413	162.78575978484	141.176470588235	210.084033613445	0	0	0	0	0	0	0	0	0	0
ASV273	168.147970213788	0	0	298.039215686275	70.0280112044818	79.6985944066077	79.0617999736461	305.067862034616	0	88.5196786054746	0	0	0	0	0
ASV11	336.295940427576	805.747666689049	686.531247788237	635.294117647059	497.976968565204	934.647152586582	625.905916458031	684.846220894036	1443.49098649637	1416.31485768759	1154.76339902096	1433.89199255121	985.824278621285	568.894838115954	0
ASV113	352.310032828889	261.867991673941	169.863401514615	164.705882352941	155.617802676626	260.831763512534	217.419949927527	80.9363715602042	272.733320029269	183.848563257524	244.759633488139	307.262569832402	215.873929625099	92.0271061658161	0
ASV452	0	0	0	0	0	0	52.7078666490974	124.517494708006	0	183.848563257524	0	158.28677839851	100.741167158379	75.2949050447586	120.409391932571
ASV335	0	0	0	0	0	0	289.893266570036	585.23222512763	0	170.230151164374	0	0	0	0	0
ASV164	168.147970213788	275.297119452092	268.950385731474	258.823529411765	303.454715219421	57.9626141138965	131.769666622743	74.7104968248039	139.692676112552	170.230151164374	0	0	0	0	0
ASV155	0	429.732088900826	460.046712435417	501.960784313726	0	0	224.008433258664	354.874859917818	279.385352225105	190.657769304099	0	0	0	0	0
ASV217	0	0	0	0	0	0	164.712083278429	0	232.821126854254	340.460302328748	0	0	0	0	0
ASV47	136.119785411162	0	261.872744001699	243.137254901961	0	65.2079408781336	59.2963499802346	93.3881210310049	199.560965875075	551.545689772573	182.000753106565	1350.09310986965	2029.21493847593	0	180.614087898856
ASV292	96.0845544078789	127.576713892433	56.6211338382051	109.803921568627	140.056022408964	43.4719605854224	26.3539333245487	118.291619972606	73.1723541541941	81.7104725588996	43.9312162671018	0	0	158.955910650046	1103.7527593819
ASV348	440.387541036112	94.0038944470557	0	62.7450980392157	0	0	0	0	0	0	156.897200953935	0	0	334.644022421149	220.75055187638
ASV278	0	0	0	0	0	355.021011447616	112.004216629332	311.293736770016	0	0	0	0	0	0	0
ASV595	0	47.0019472235278	120.319909406186	78.4313725490196	163.398692810458	50.7172873496595	112.004216629332	161.872743120408	0	0	0	0	0	0	0
ASV133	288.253663223637	167.864097226885	318.493877839904	0	210.084033613445	144.906535284741	171.300566609566	0	266.081287833433	142.993326978074	207.104305259194	148.975791433892	187.090739008419	267.71521793692	0
ASV433	0	0	0	0	0	0	98.8272499670576	99.6139957664052	0	88.5196786054746	0	18.6219739292365	28.7831906166799	150.589810089517	632.149307645996
ASV134	360.317079029546	570.737930571409	198.173968433718	313.725490196078	295.67382508559	275.322417041009	105.415733298195	143.195118914207	133.040643916717	0	0	0	0	0	0
ASV260	0	0	0	0	0	0	0	174.324492591209	172.952837091732	102.138090698625	232.207857411824	223.463687150838	201.482334316759	0	0
ASV377	0	80.5747666689049	191.096326703942	70.5882352941177	233.426704014939	0	210.83146659639	149.420993649608	0	61.2828544191747	0	0	0	0	0
ASV124	360.317079029546	355.871886120996	276.02802746125	525.490196078431	0	0	0	0	0	0	0	0	0	0	0
ASV126	432.380494835455	315.584502786544	276.02802746125	298.039215686275	373.482726423903	282.567743805246	204.242983265252	0	0	149.802533024649	0	0	0	0	0
ASV77	624.549603651213	282.011683341167	0	290.196078431373	536.88141923436	369.51166497609	362.366583212544	448.262980948823	425.730060533493	0	0	428.305400372439	388.573073325178	359.742324102736	0
ASV253	368.324125230203	100.718458336131	92.0093424870833	243.137254901961	140.056022408964	202.869149398638	125.181183291606	0	66.5203219583583	68.0920604657497	12.5517760763148	0	35.9789882708498	284.447419057977	0
ASV306	0	94.0038944470557	198.173968433718	54.9019607843137	108.932461873638	0	105.415733298195	236.583239945212	93.1284507417016	170.230151164374	0	0	0	0	0
ASV167	160.140924013132	141.005841670583	106.164625946635	133.333333333333	186.741363211951	231.850456455586	283.304783238898	87.1622462956045	159.64877270006	231.513005583549	131.793648801305	0	0	142.223709528989	341.15994380895
ASV38	688.605973256466	396.159269455449	601.599547030929	643.137254901961	599.128540305011	412.983625561513	711.556199762815	429.585356742622	419.078028337657	306.414272095874	138.069536839463	83.7988826815643	0	719.484648205471	1083.68452739314
ASV294	0	161.14953333781	148.630476325288	203.921568627451	0	405.738298797276	52.7078666490974	56.0328726186029	59.8682897625225	81.7104725588996	31.379440190787	0	0	142.223709528989	200.682319887618
ASV251	0	295.440811119318	184.018684974167	149.019607843137	210.084033613445	43.4719605854224	263.539333245487	336.197235711617	0	0	0	0	0	0	0
ASV392	240.211386019697	107.433022225206	106.164625946635	196.078431372549	116.71335200747	159.397188813215	13.1769666622743	0	0	40.8552362794498	0	0	0	0	0
ASV227	280.24661702298	167.864097226885	212.329251893269	70.5882352941177	70.0280112044818	253.586436748297	105.415733298195	0	73.1723541541941	177.039357210949	0	0	0	0	0
ASV418	0	0	0	0	0	173.88784234169	171.300566609566	224.131490474412	0	102.138090698625	0	0	0	0	0
ASV304	0	0	0	0	0	0	0	0	0	0	0	37.243947858473	14.3915953083399	0	4635.76158940397
ASV26	584.51437264793	537.165111126032	799.773515464647	901.960784313726	801.431683784625	0	1179.33851627355	1288.75607022787	572.074768841881	694.539016750647	0	0	0	0	0
ASV218	0	0	0	0	0	246.34110998406	191.066016602978	0	86.4764185458658	320.032684189024	0	0	0	0	0
ASV333	184.162062615101	100.718458336131	120.319909406186	164.705882352941	326.797385620915	0	171.300566609566	56.0328726186029	0	102.138090698625	0	0	0	0	0
ASV196	0	255.153427784865	226.48453535282	376.470588235294	676.937441643324	0	0	0	0	0	0	0	0	0	0
ASV599	216.190247417728	0	212.329251893269	149.019607843137	77.8089013383131	57.9626141138965	0	0	19.9560965875075	40.8552362794498	0	0	0	0	0
ASV137	160.140924013132	241.724300006715	198.173968433718	258.823529411765	505.757858699035	217.359802927112	237.185399920938	379.77835885942	152.996740504224	129.374914884924	0	0	0	0	0
ASV72	504.443910641364	255.153427784865	219.406893623045	329.411764705882	287.892934951758	289.813070569483	151.535116616155	0	226.169094658418	326.841890235599	0	689.01303538175	676.404979491977	259.349117376391	0
ASV336	80.0704620065658	40.2873833344524	14.1552834595513	117.647058823529	7.78089013383131	94.1892479350819	19.7654499934115	87.1622462956045	99.7804829375374	149.802533024649	244.759633488139	102.420856610801	100.741167158379	0	0
ASV187	384.338217631516	114.147586114282	0	211.764705882353	202.303143479614	311.549050862194	0	0	133.040643916717	224.703799536974	0	0	0	0	0
ASV118	480.422772039395	235.009736117639	191.096326703942	164.705882352941	0	405.738298797276	250.362366583213	0	152.996740504224	292.795860002724	0	0	0	0	0
ASV237	0	0	0	0	0	217.359802927112	118.592699960469	0	305.993481008448	102.138090698625	0	0	0	0	0
ASV148	336.295940427576	261.867991673941	360.959728218558	125.490196078431	171.179582944289	355.021011447616	112.004216629332	0	139.692676112552	122.565708838349	0	0	0	0	0
ASV70	304.26775562495	282.011683341167	219.406893623045	258.823529411765	163.398692810458	1195.47891609912	191.066016602978	168.098617855809	272.733320029269	88.5196786054746	194.552529182879	223.463687150838	237.461322587609	543.796536434368	0
ASV240	0	235.009736117639	247.717460542147	243.137254901961	186.741363211951	137.661208520504	210.83146659639	0	152.996740504224	115.756502791774	0	0	0	0	0
ASV125	0	0	0	0	0	173.88784234169	204.242983265252	298.841987299216	319.29754540012	558.354895819147	62.758880381574	307.262569832402	259.048715550119	209.152514013218	0
ASV74	0	423.01752501175	941.32635006016	305.882352941176	178.96047307812	304.303724097957	177.889049940704	579.00635039223	365.861770770971	272.368241862999	0	0	0	0	0
ASV460	128.112739210505	120.862150003357	0	62.7450980392157	171.179582944289	130.415881756267	6.58848333113717	0	26.6081287833433	27.2368241862999	94.138320572361	0	35.9789882708498	117.125407847402	0
ASV62	360.317079029546	322.299066675619	247.717460542147	345.098039215686	264.550264550265	427.474279089987	362.366583212544	280.164363093015	498.902414687687	265.559035816424	420.484498556546	307.262569832402	280.636108512629	376.474525223793	290.989363837046
ASV307	176.155016414445	0	198.173968433718	156.862745098039	132.275132275132	0	0	0	0	0	301.242625831555	0	7.19579765416997	125.491508407931	220.75055187638
ASV145	0	0	0	0	0	376.756991740328	316.247199894584	0	439.034124925165	306.414272095874	0	0	0	0	0
ASV192	280.24661702298	174.578661115961	0	211.764705882353	186.741363211951	210.114476162875	92.2387666359204	143.195118914207	106.432515133373	340.460302328748	0	0	0	0	0
ASV213	64.0563696052526	141.005841670583	212.329251893269	109.803921568627	163.398692810458	144.906535284741	79.0617999736461	423.359482007222	79.8243863500299	95.3288846520496	69.0347684197314	0	28.7831906166799	225.884715134276	170.579971904475
ASV363	120.105693009849	208.151480561338	127.397551135961	47.0588235294118	233.426704014939	123.17055499203	65.8848333113717	105.839870501806	0	0	0	0	0	0	0
ASV245	0	0	0	0	0	108.679901463556	32.9424166556859	0	206.212998070911	231.513005583549	106.690096648676	260.707635009311	172.699143700079	209.152514013218	0
ASV60	368.324125230203	463.304908346203	162.78575978484	172.549019607843	334.578275754746	536.154180553543	382.132033205956	174.324492591209	325.949577595956	190.657769304099	445.588050709175	372.43947858473	424.552061596028	384.840625784322	0
ASV376	0	73.8602027798295	0	39.2156862745098	132.275132275132	0	105.415733298195	174.324492591209	73.1723541541941	95.3288846520496	0	0	0	0	0
ASV364	0	0	0	0	0	115.925228227793	0	379.77835885942	325.949577595956	0	0	0	0	0	0
ASV140	0	73.8602027798295	325.571519569679	94.1176470588235	326.797385620915	0	263.539333245487	373.552484124019	246.125191245926	326.841890235599	131.793648801305	0	57.5663812333597	259.349117376391	0
ASV420	176.155016414445	80.5747666689049	0	141.176470588235	132.275132275132	36.2266338211853	112.004216629332	193.00211679741	73.1723541541941	20.4276181397249	0	0	0	0	0
ASV42	680.598927055809	449.875780568052	544.978413192724	345.098039215686	396.825396825397	804.231270830314	303.07023323231	871.622462956045	392.469899554314	88.5196786054746	0	0	0	0	0
ASV215	0	315.584502786544	368.037369948333	0	287.892934951758	246.34110998406	131.769666622743	348.648985182418	0	0	0	0	0	0	0
ASV110	0	275.297119452092	339.726803029231	298.039215686275	350.140056022409	202.869149398638	65.8848333113717	0	246.125191245926	163.420945117799	213.380193297352	456.238361266294	237.461322587609	393.206726344851	0
ASV271	0	0	0	0	0	202.869149398638	65.8848333113717	0	0	170.230151164374	150.621312915778	0	0	234.250815694805	1314.4691952639
ASV106	96.0845544078789	261.867991673941	332.649161299455	494.117647058824	630.252100840336	130.415881756267	230.596916589801	136.969244178807	119.736579525045	156.611739071224	0	0	0	0	0
ASV34	928.817359276163	617.739877794937	644.065397409583	407.843137254902	863.678804855276	289.813070569483	375.543549874819	603.909849333831	498.902414687687	449.407599073948	0	391.061452513967	208.678131970929	510.332134192253	0
ASV51	344.302986628233	288.726247230242	297.260952650577	172.549019607843	326.797385620915	159.397188813215	98.8272499670576	635.039223010833	392.469899554314	285.986653956149	583.657587548638	847.299813780261	395.768870979348	501.966033631724	381.296407786474
ASV129	392.345263832172	248.43886389579	134.475192865737	219.607843137255	210.084033613445	181.133169105927	98.8272499670576	0	179.604869287567	177.039357210949	238.483745449981	242.085661080074	244.657120241779	0	0
ASV291	0	120.862150003357	120.319909406186	70.5882352941177	101.151571739807	94.1892479350819	65.8848333113717	136.969244178807	93.1284507417016	129.374914884924	37.6553282289444	0	64.7621788875297	225.884715134276	230.784667870761
ASV351	24.0211386019697	94.0038944470557	35.3882086488782	47.0588235294118	31.1235605353252	50.7172873496595	46.1193833179602	18.677624206201	99.7804829375374	68.0920604657497	125.517760763148	214.15270018622	122.328560120889	66.9288044842299	120.409391932571
ASV241	296.260709424293	0	0	266.666666666667	163.398692810458	0	158.123599947292	373.552484124019	0	197.466975350674	0	0	0	0	0
ASV371	248.218432220354	120.862150003357	176.941043244391	0	0	115.925228227793	92.2387666359204	0	93.1284507417016	170.230151164374	0	0	0	0	0
ASV97	368.324125230203	295.440811119318	42.4658503786538	211.764705882353	116.71335200747	405.738298797276	270.127816576624	0	299.341448812612	136.184120931499	332.622066022342	0	244.657120241779	301.179620179035	290.989363837046
ASV82	0	194.722352783187	297.260952650577	384.313725490196	606.909430438842	0	665.436816444854	747.104968248039	286.037384420941	217.894593490399	94.138320572361	0	0	309.545720739563	401.364639775236
ASV65	160.140924013132	416.302961122675	360.959728218558	729.411764705882	739.184562713975	492.682219968121	52.7078666490974	105.839870501806	259.429255637597	217.894593490399	62.758880381574	65.1769087523277	57.5663812333597	669.288044842299	0
ASV314	136.119785411162	40.2873833344524	431.736145516314	258.823529411765	303.454715219421	0	0	0	0	0	0	0	0	0	0
ASV15	904.796220674193	859.464177801652	813.928798924198	447.058823529412	544.662309368192	768.004637009129	691.790749769403	772.00846718964	1230.62595622963	851.150755821871	558.554035396009	800.744878957169	798.733539612866	702.752447084414	481.637567730283
ASV122	248.218432220354	80.5747666689049	99.0869842168589	101.960784313725	155.617802676626	173.88784234169	65.8848333113717	56.0328726186029	246.125191245926	149.802533024649	564.829923434166	353.817504655494	316.615096783478	175.688111771103	441.501103752759
ASV101	208.183201217071	315.584502786544	212.329251893269	313.725490196078	225.645813881108	166.642515577453	144.946633285018	236.583239945212	259.429255637597	197.466975350674	138.069536839463	186.219739292365	438.943656904368	317.911821300092	0
ASV320	128.112739210505	87.2893305579803	141.552834595513	125.490196078431	171.179582944289	79.6985944066077	65.8848333113717	0	239.47315905009	40.8552362794498	0	0	0	0	0
ASV20	840.739851068941	490.163163902505	721.919456437115	996.078431372549	2373.17149081855	297.05839733372	533.667149822111	1145.56095131366	199.560965875075	776.249489309546	112.965984686833	0	0	928.63716221869	1153.9233393538
ASV282	144.126831611818	120.862150003357	113.24226767641	188.235294117647	217.864923747277	181.133169105927	98.8272499670576	149.420993649608	79.8243863500299	81.7104725588996	0	0	0	0	0
ASV189	568.500280246617	0	460.046712435417	501.960784313726	404.606286959228	0	0	0	0	0	0	0	0	0	0
ASV346	632.55664985187	0	0	266.666666666667	256.769374416433	0	0	0	0	0	0	0	0	0	0
ASV590	96.0845544078789	67.145638890754	63.6987755679807	23.5294117647059	108.932461873638	79.6985944066077	65.8848333113717	0	33.2601609791791	102.138090698625	43.9312162671018	0	0	33.464402242115	140.477623921333
ASV27	736.648250460405	664.741825018465	304.338594380352	462.745098039216	404.606286959228	644.834082017099	546.844116484385	273.938488357614	831.504024479478	1069.04534931227	608.761139701268	791.433891992551	295.027703820969	686.020245963357	0
ASV100	368.324125230203	268.582555563016	332.649161299455	290.196078431373	241.207594148771	282.567743805246	138.358149953881	155.646868385008	192.908933679239	183.848563257524	232.207857411824	83.7988826815643	143.915953083399	326.277921860621	0
ASV295	280.24661702298	134.291277781508	0	94.1176470588235	93.3706816059757	246.34110998406	0	62.2587473540032	119.736579525045	0	138.069536839463	121.042830540037	79.1537741958696	83.6610056052874	140.477623921333
ASV138	0	0	0	0	0	181.133169105927	513.901699828699	442.037106213423	179.604869287567	163.420945117799	0	0	0	0	0
ASV382	0	174.578661115961	283.105669191026	156.862745098039	0	159.397188813215	85.6502833047832	0	0	177.039357210949	0	0	0	0	0
ASV181	120.105693009849	167.864097226885	127.397551135961	94.1176470588235	124.494242141301	130.415881756267	144.946633285018	112.065745237206	172.952837091732	68.0920604657497	119.241872724991	391.061452513967	230.265524933439	117.125407847402	160.545855910094
ASV63	304.26775562495	577.452494460485	438.81378724609	517.64705882353	459.072517896047	326.039704390668	454.605349848465	249.034989416013	252.777223441761	156.611739071224	144.34542487762	93.1098696461825	57.5663812333597	719.484648205471	220.75055187638
ASV202	216.190247417728	100.718458336131	70.7764172977564	94.1176470588235	194.522253345783	188.378495870164	105.415733298195	230.357365209812	199.560965875075	115.756502791774	251.035521526296	65.1769087523277	50.3705835791897	100.393206726345	0
ASV339	168.147970213788	100.718458336131	127.397551135961	172.549019607843	108.932461873638	94.1892479350819	191.066016602978	0	79.8243863500299	81.7104725588996	0	0	43.1747859250198	75.2949050447586	260.887015853903
ASV322	0	127.576713892433	84.9317007573077	94.1176470588235	171.179582944289	108.679901463556	72.4733166425089	74.7104968248039	26.6081287833433	68.0920604657497	12.5517760763148	0	93.5453695042095	66.9288044842299	0
ASV207	336.295940427576	0	127.397551135961	156.862745098039	217.864923747277	217.359802927112	98.8272499670576	0	126.388611720881	272.368241862999	0	0	0	0	0
ASV284	0	0	318.493877839904	164.705882352941	451.291627762216	0	0	0	0	0	0	0	0	0	0
ASV309	208.183201217071	67.145638890754	0	117.647058823529	0	101.434574699319	79.0617999736461	317.519611505416	139.692676112552	115.756502791774	0	0	0	0	0
ASV150	656.577788453839	214.866044450413	176.941043244391	274.509803921569	210.084033613445	289.813070569483	158.123599947292	180.550367326609	0	0	0	0	0	0	0
ASV130	0	282.011683341167	0	164.705882352941	186.741363211951	492.682219968121	276.716299907761	0	345.905674183463	183.848563257524	0	0	0	0	0
ASV114	456.401633437425	342.442758342846	247.717460542147	235.294117647059	287.892934951758	210.114476162875	191.066016602978	74.7104968248039	206.212998070911	285.986653956149	0	0	0	0	0
ASV96	416.366402434142	295.440811119318	0	141.176470588235	466.853408029879	449.210259382698	118.592699960469	0	252.777223441761	272.368241862999	257.311409564453	158.28677839851	223.069727279269	376.474525223793	0
ASV184	0	0	0	0	0	0	322.835683225721	124.517494708006	133.040643916717	156.611739071224	0	0	0	0	0
ASV48	648.570742253183	369.301013899147	332.649161299455	203.921568627451	163.398692810458	123.17055499203	421.662933192779	342.423110447018	458.990221512672	626.446956284897	364.001506213129	763.500931098696	323.810894437648	343.010122981678	311.057595825808
ASV186	88.0775082072224	100.718458336131	226.48453535282	211.764705882353	147.836912542795	159.397188813215	0	217.905615739011	166.300804895896	183.848563257524	0	167.597765363129	122.328560120889	192.420312892161	0
ASV176	56.049323404596	107.433022225206	127.397551135961	117.647058823529	521.319638966698	130.415881756267	65.8848333113717	155.646868385008	152.996740504224	163.420945117799	50.2071043052592	0	0	468.501631389609	40.1364639775236
ASV5	2498.19841460485	3552.00429732089	2441.7863967726	1576.47058823529	1851.85185185185	4013.91102738734	2582.68546580577	2316.02540156892	3505.62096720548	2580.68909165191	2629.59708798795	1312.84916201117	1669.42505576743	2576.75897264285	973.309251454947
ASV204	0	0	0	0	0	0	250.362366583213	0	166.300804895896	326.841890235599	0	0	0	0	0
ASV160	0	0	0	0	0	0	309.658716563447	249.034989416013	439.034124925165	333.651096282174	0	0	0	0	0
ASV229	0	221.580608339488	169.863401514615	188.235294117647	178.96047307812	130.415881756267	230.596916589801	249.034989416013	146.344708308388	245.131417676699	0	0	0	0	0
ASV404	0	0	0	0	0	0	52.7078666490974	74.7104968248039	172.952837091732	115.756502791774	75.3106564578888	204.841713221601	129.524357775059	92.0271061658161	0
ASV592	0	94.0038944470557	155.708118055064	117.647058823529	0	0	79.0617999736461	168.098617855809	0	81.7104725588996	0	0	0	0	0
ASV206	272.239570822324	114.147586114282	0	180.392156862745	0	188.378495870164	191.066016602978	273.938488357614	106.432515133373	238.322211630124	0	0	0	0	0
ASV405	0	0	0	0	0	0	0	0	0	0	244.759633488139	316.573556797021	158.307548391739	0	100.341159943809
ASV104	0	255.153427784865	360.959728218558	227.450980392157	389.044506691566	0	171.300566609566	354.874859917818	226.169094658418	374.506332561623	163.173088992092	325.884543761639	107.936964812549	384.840625784322	441.501103752759
ASV280	456.401633437425	0	70.7764172977564	486.274509803922	389.044506691566	0	0	0	0	0	0	0	0	0	0
ASV290	232.204339819041	107.433022225206	84.9317007573077	70.5882352941177	140.056022408964	173.88784234169	118.592699960469	242.809114680613	152.996740504224	0	0	0	0	0	0
ASV482	0	0	0	0	0	0	158.123599947292	168.098617855809	0	74.9012665123247	188.276641144722	0	0	276.081318497448	140.477623921333
ASV59	184.162062615101	369.301013899147	467.124354165192	188.235294117647	256.769374416433	355.021011447616	270.127816576624	659.942721952434	246.125191245926	272.368241862999	251.035521526296	242.085661080074	208.678131970929	627.457542039655	351.194059803331
ASV128	320.281848026263	221.580608339488	0	101.960784313725	0	594.11679466744	303.07023323231	0	172.952837091732	142.993326978074	131.793648801305	0	266.244513204289	259.349117376391	0
ASV396	152.133877812475	60.4310750016786	0	109.803921568627	116.71335200747	28.9813070569483	79.0617999736461	149.420993649608	0	34.0460302328748	81.5865444960462	0	0	100.393206726345	341.15994380895
ASV552	96.0845544078789	94.0038944470557	127.397551135961	78.4313725490196	124.494242141301	57.9626141138965	13.1769666622743	49.8069978832026	33.2601609791791	0	69.0347684197314	27.9329608938547	21.5873929625099	25.0983016815862	0
ASV121	0	147.720405559659	290.183310920801	172.549019607843	334.578275754746	224.605129691349	164.712083278429	143.195118914207	246.125191245926	183.848563257524	125.517760763148	297.951582867784	187.090739008419	125.491508407931	0
ASV272	0	0	0	0	0	0	309.658716563447	367.326609388619	0	177.039357210949	0	0	0	0	0
ASV39	464.408679638081	819.176794467199	559.133696652275	415.686274509804	466.853408029879	854.948558179974	428.251416523916	367.326609388619	445.686157121001	394.933950701348	0	0	0	0	0
ASV179	0	228.295172228564	474.201995894968	345.098039215686	373.482726423903	0	164.712083278429	0	299.341448812612	88.5196786054746	0	0	0	0	0
ASV161	0	0	0	0	0	0	224.008433258664	0	372.513802966806	374.506332561623	238.483745449981	260.707635009311	259.048715550119	292.813519618506	301.023479831427
ASV501	208.183201217071	0	127.397551135961	141.176470588235	0	137.661208520504	105.415733298195	0	159.64877270006	0	0	0	0	0	0
ASV159	168.147970213788	181.293225005036	184.018684974167	0	0	384.002318504565	158.123599947292	124.517494708006	166.300804895896	204.276181397249	0	0	0	0	0
ASV318	424.373448634799	120.862150003357	0	203.921568627451	0	130.415881756267	46.1193833179602	49.8069978832026	159.64877270006	34.0460302328748	50.2071043052592	0	43.1747859250198	117.125407847402	0
ASV36	632.55664985187	537.165111126032	495.434921084295	588.235294117647	194.522253345783	514.418200260832	454.605349848465	454.488855684224	478.94631810018	476.644423260248	389.105058365759	148.975791433892	266.244513204289	460.135530829081	391.330523780855
ASV441	144.126831611818	127.576713892433	84.9317007573077	141.176470588235	70.0280112044818	65.2079408781336	79.0617999736461	118.291619972606	19.9560965875075	74.9012665123247	0	0	0	0	0
ASV514	96.0845544078789	53.7165111126032	0	94.1176470588235	62.2471210706505	94.1892479350819	0	0	39.912193175015	88.5196786054746	56.4829923434166	0	136.720155429229	33.464402242115	0
ASV64	248.218432220354	188.007788894111	467.124354165192	117.647058823529	334.578275754746	195.623822634401	467.782316510739	591.458099863031	172.952837091732	40.8552362794498	0	0	0	0	0
ASV243	96.0845544078789	107.433022225206	106.164625946635	141.176470588235	124.494242141301	159.397188813215	46.1193833179602	80.9363715602042	66.5203219583583	47.6644423260248	56.4829923434166	465.549348230913	129.524357775059	75.2949050447586	100.341159943809
ASV403	112.098646809192	114.147586114282	0	31.3725490196078	62.2471210706505	43.4719605854224	131.769666622743	0	266.081287833433	0	0	0	0	0	0
ASV375	0	0	70.7764172977564	243.137254901961	62.2471210706505	79.6985944066077	151.535116616155	255.260864151413	0	54.4736483725997	0	0	0	0	0
ASV86	456.401633437425	302.155375008393	375.115011678109	227.450980392157	0	420.22895232575	382.132033205956	305.067862034616	365.861770770971	183.848563257524	294.966737793398	0	0	359.742324102736	401.364639775236
ASV190	320.281848026263	94.0038944470557	134.475192865737	149.019607843137	85.5897914721444	297.05839733372	184.477533271841	149.420993649608	119.736579525045	149.802533024649	62.758880381574	0	50.3705835791897	142.223709528989	0
ASV340	96.0845544078789	120.862150003357	247.717460542147	211.764705882353	217.864923747277	0	0	0	0	0	0	0	0	0	0
ASV347	0	0	0	0	0	0	0	0	0	0	69.0347684197314	865.921787709497	287.831906166799	0	0
ASV162	208.183201217071	161.14953333781	254.795102271923	345.098039215686	848.117024587613	21.7359802927112	98.8272499670576	242.809114680613	106.432515133373	0	0	0	0	0	0
ASV252	264.232524621667	114.147586114282	325.571519569679	164.705882352941	163.398692810458	0	125.181183291606	68.4846220894036	0	381.315538608198	0	0	0	0	0
ASV146	168.147970213788	208.151480561338	261.872744001699	368.627450980392	404.606286959228	181.133169105927	79.0617999736461	56.0328726186029	133.040643916717	136.184120931499	0	0	0	0	0
ASV54	240.211386019697	214.866044450413	396.347936867436	250.980392156863	132.275132275132	231.850456455586	632.494399789169	684.846220894036	319.29754540012	442.598393027373	364.001506213129	0	0	1037.39646950556	943.206903471804
ASV337	72.0634158059092	67.145638890754	162.78575978484	47.0588235294118	225.645813881108	43.4719605854224	171.300566609566	105.839870501806	39.912193175015	102.138090698625	0	0	0	0	0
ASV226	88.0775082072224	114.147586114282	198.173968433718	203.921568627451	186.741363211951	159.397188813215	59.2963499802346	68.4846220894036	86.4764185458658	156.611739071224	94.138320572361	0	28.7831906166799	150.589810089517	0
ASV24	600.528465049243	449.875780568052	707.764172977564	454.901960784314	435.729847494553	304.303724097957	507.313216497562	765.78259245424	572.074768841881	980.525670706796	476.967490899962	512.104283054004	359.789882708498	485.233832510667	2257.6760987357
ASV456	104.091600608536	141.005841670583	106.164625946635	0	54.4662309368192	94.1892479350819	204.242983265252	186.77624206201	0	0	0	0	0	0	0
ASV18	464.408679638081	611.025313905862	629.910113950032	627.450980392157	630.252100840336	615.852774960151	856.502833047832	1095.75395343046	791.591831304463	606.019338145172	866.072549265721	1005.58659217877	633.230193566957	711.118547644943	862.933975516757
ASV293	0	0	0	0	0	79.6985944066077	85.6502833047832	392.23010833022	99.7804829375374	0	18.8276641144722	0	86.3495718500396	301.179620179035	0
ASV212	0	0	0	0	0	188.378495870164	237.185399920938	342.423110447018	279.385352225105	197.466975350674	0	0	0	0	0
ASV66	224.197293618384	349.157322231921	424.658503786538	313.725490196078	256.769374416433	282.567743805246	507.313216497562	398.455983065621	212.865030266747	231.513005583549	232.207857411824	0	0	786.413452689701	220.75055187638
ASV330	472.415725838738	141.005841670583	0	149.019607843137	241.207594148771	0	0	0	0	0	0	0	0	0	0
ASV21	920.810313075507	570.737930571409	311.416236110128	1011.76470588235	568.004979769686	1050.57238081437	566.609566477797	709.749719835637	578.726801037717	633.256162331472	853.520773189406	148.975791433892	79.1537741958696	1539.36250313729	301.023479831427
ASV94	152.133877812475	523.735983347882	417.580862056763	211.764705882353	373.482726423903	195.623822634401	250.362366583213	554.102851450629	292.689416616776	190.657769304099	125.517760763148	121.042830540037	43.1747859250198	259.349117376391	0
ASV235	296.260709424293	0	0	235.294117647059	93.3706816059757	260.831763512534	0	93.3881210310049	0	142.993326978074	156.897200953935	111.731843575419	64.7621788875297	309.545720739563	0
ASV471	88.0775082072224	40.2873833344524	106.164625946635	101.960784313725	0	72.4532676423707	98.8272499670576	80.9363715602042	86.4764185458658	95.3288846520496	0	0	0	0	0
ASV263	0	0	0	0	0	0	237.185399920938	317.519611505416	0	265.559035816424	0	0	0	0	0
ASV386	136.119785411162	100.718458336131	35.3882086488782	47.0588235294118	93.3706816059757	79.6985944066077	46.1193833179602	0	66.5203219583583	27.2368241862999	43.9312162671018	130.353817504655	79.1537741958696	0	301.023479831427
ASV230	0	167.864097226885	212.329251893269	180.392156862745	248.988484282602	0	144.946633285018	224.131490474412	239.47315905009	0	0	0	0	0	0
ASV523	152.133877812475	0	49.5434921084295	172.549019607843	155.617802676626	144.906535284741	0	49.8069978832026	13.3040643916717	34.0460302328748	0	0	0	0	0
ASV287	240.211386019697	107.433022225206	0	54.9019607843137	0	311.549050862194	85.6502833047832	0	186.256901483403	54.4736483725997	138.069536839463	130.353817504655	0	259.349117376391	0
ASV152	0	147.720405559659	460.046712435417	274.509803921569	171.179582944289	0	224.008433258664	305.067862034616	166.300804895896	0	0	0	0	0	0
ASV182	184.162062615101	275.297119452092	226.48453535282	180.392156862745	124.494242141301	108.679901463556	197.654499934115	205.453866268211	179.604869287567	177.039357210949	0	0	0	0	0
ASV453	0	107.433022225206	63.6987755679807	0	101.151571739807	108.679901463556	65.8848333113717	118.291619972606	119.736579525045	61.2828544191747	0	0	0	0	0
ASV416	0	114.147586114282	92.0093424870833	180.392156862745	171.179582944289	0	105.415733298195	0	126.388611720881	102.138090698625	0	0	0	0	0
ASV234	552.486187845304	67.145638890754	155.708118055064	345.098039215686	116.71335200747	159.397188813215	72.4733166425089	0	53.2162575666866	95.3288846520496	0	0	0	0	0
ASV525	192.169108815758	60.4310750016786	0	47.0588235294118	85.5897914721444	152.151862048978	32.9424166556859	6.22587473540032	39.912193175015	0	0	0	28.7831906166799	58.5627039237012	120.409391932571
ASV191	96.0845544078789	147.720405559659	70.7764172977564	70.5882352941177	38.9044506691566	166.642515577453	98.8272499670576	43.5811231478023	219.517062462582	74.9012665123247	131.793648801305	307.262569832402	179.894941354249	184.054212331632	100.341159943809
ASV28	560.49323404596	778.889411132747	438.81378724609	423.529411764706	762.527233115468	768.004637009129	507.313216497562	641.265097746233	625.291026408568	306.414272095874	615.037027739425	484.171322160149	194.286536662589	744.582949887058	752.558699578567
ASV37	880.775082072224	570.737930571409	318.493877839904	235.294117647059	311.235605353252	630.343428488625	513.901699828699	466.940605155024	319.29754540012	776.249489309546	338.8979540605	102.420856610801	50.3705835791897	451.769430268552	341.15994380895
ASV408	0	26.8582555563016	0	86.2745098039216	124.494242141301	152.151862048978	0	149.420993649608	99.7804829375374	61.2828544191747	81.5865444960462	0	43.1747859250198	125.491508407931	100.341159943809
ASV268	0	255.153427784865	148.630476325288	39.2156862745098	357.92094615624	268.077090276772	0	136.969244178807	46.5642253708508	88.5196786054746	0	0	0	0	0
ASV257	128.112739210505	127.576713892433	120.319909406186	101.960784313725	0	72.4532676423707	0	118.291619972606	126.388611720881	74.9012665123247	144.34542487762	372.43947858473	215.873929625099	25.0983016815862	0
ASV274	56.049323404596	0	63.6987755679807	70.5882352941177	0	0	19.7654499934115	62.2587473540032	139.692676112552	88.5196786054746	50.2071043052592	1126.62942271881	129.524357775059	0	0
ASV46	128.112739210505	201.436916672262	176.941043244391	203.921568627451	0	340.530357919142	329.424166556859	292.616112563815	458.990221512672	1082.66376140542	960.210869838082	437.616387337058	503.705835791898	234.250815694805	0
ASV90	296.260709424293	94.0038944470557	360.959728218558	941.176470588235	280.112044817927	94.1892479350819	158.123599947292	180.550367326609	232.821126854254	299.605066049299	100.414208610518	130.353817504655	28.7831906166799	242.616916255333	260.887015853903
ASV154	224.197293618384	73.8602027798295	155.708118055064	431.372549019608	147.836912542795	144.906535284741	191.066016602978	367.326609388619	0	204.276181397249	50.2071043052592	0	122.328560120889	217.518614573747	250.852899859522
ASV360	0	100.718458336131	176.941043244391	109.803921568627	303.454715219421	94.1892479350819	79.0617999736461	87.1622462956045	0	74.9012665123247	0	0	0	0	0
ASV311	0	0	205.251610163494	109.803921568627	210.084033613445	0	125.181183291606	242.809114680613	166.300804895896	136.184120931499	0	0	0	0	0
ASV153	296.260709424293	288.726247230242	0	141.176470588235	0	195.623822634401	138.358149953881	0	0	769.440283262972	0	0	0	0	0
ASV32	456.401633437425	235.009736117639	169.863401514615	352.941176470588	0	340.530357919142	289.893266570036	379.77835885942	532.162575666866	837.532343728721	376.553282289444	996.275605214153	1223.28560120889	276.081318497448	381.296407786474
ASV85	400.352310032829	268.582555563016	120.319909406186	227.450980392157	163.398692810458	260.831763512534	158.123599947292	236.583239945212	419.078028337657	211.085387443824	357.725618174972	633.147113594041	338.202489745988	0	0
ASV7	2458.16318360157	1349.62734170416	622.832472220256	768.627450980392	1019.2966075319	1514.27329372555	737.910133087363	541.651101979828	1124.19344109625	932.861228380771	1242.62583155516	791.433891992551	849.104123192056	1003.93206726345	301.023479831427
ASV131	0	188.007788894111	184.018684974167	117.647058823529	295.67382508559	115.925228227793	217.419949927527	273.938488357614	172.952837091732	204.276181397249	288.69084975524	0	0	426.671128586966	481.637567730283
ASV395	152.133877812475	53.7165111126032	70.7764172977564	109.803921568627	93.3706816059757	173.88784234169	85.6502833047832	80.9363715602042	53.2162575666866	13.6184120931499	12.5517760763148	0	0	100.393206726345	230.784667870761
ASV3	1825.6065337497	2759.68575840999	3376.03510510298	3827.45098039216	1237.16153127918	4702.21706998986	3083.4101989722	1898.8917942971	2840.4177476219	2635.16274002451	8139.82678549015	4785.84729981378	10649.7805281715	9286.3716221869	14037.7282761389
ASV381	0	0	0	0	0	72.4532676423707	59.2963499802346	43.5811231478023	59.8682897625225	34.0460302328748	0	614.525139664804	50.3705835791897	192.420312892161	0
ASV288	160.140924013132	241.724300006715	99.0869842168589	0	155.617802676626	210.114476162875	105.415733298195	0	212.865030266747	0	0	0	0	0	0
ASV276	0	342.442758342846	311.416236110128	0	93.3706816059757	0	0	0	0	0	0	0	0	0	0
ASV431	0	53.7165111126032	49.5434921084295	101.960784313725	132.275132275132	43.4719605854224	92.2387666359204	68.4846220894036	106.432515133373	74.9012665123247	56.4829923434166	0	0	167.322011210575	381.296407786474
ASV208	0	0	0	0	0	123.17055499203	243.773883252075	305.067862034616	99.7804829375374	0	175.724865068407	0	0	250.983016815862	451.53521974714
ASV387	120.105693009849	120.862150003357	99.0869842168589	117.647058823529	46.6853408029879	202.869149398638	13.1769666622743	43.5811231478023	59.8682897625225	0	31.379440190787	0	0	125.491508407931	260.887015853903
ASV93	464.408679638081	275.297119452092	169.863401514615	219.607843137255	132.275132275132	398.492972033039	144.946633285018	149.420993649608	365.861770770971	142.993326978074	251.035521526296	270.018621973929	302.223501475139	209.152514013218	341.15994380895
ASV81	632.55664985187	248.43886389579	0	203.921568627451	319.016495487084	412.983625561513	112.004216629332	0	325.949577595956	258.749829769849	175.724865068407	1210.42830540037	388.573073325178	142.223709528989	0
ASV301	0	120.862150003357	127.397551135961	243.137254901961	93.3706816059757	0	131.769666622743	149.420993649608	113.084547329209	0	0	0	0	0	0
ASV132	0	0	0	0	0	0	0	255.260864151413	365.861770770971	224.703799536974	163.173088992092	819.366852886406	359.789882708498	0	0
ASV308	264.232524621667	154.434969448734	0	86.2745098039216	186.741363211951	0	59.2963499802346	186.77624206201	0	149.802533024649	0	0	0	0	0
ASV174	136.119785411162	161.14953333781	113.24226767641	70.5882352941177	46.6853408029879	101.434574699319	79.0617999736461	93.3881210310049	272.733320029269	122.565708838349	150.621312915778	288.640595903166	352.594085054328	142.223709528989	0
ASV391	64.0563696052526	141.005841670583	191.096326703942	298.039215686275	186.741363211951	0	0	0	0	0	0	0	0	0	0
ASV303	112.098646809192	0	63.6987755679807	54.9019607843137	0	181.133169105927	26.3539333245487	99.6139957664052	139.692676112552	0	100.414208610518	214.15270018622	223.069727279269	83.6610056052874	0
ASV545	0	0	0	0	0	94.1892479350819	105.415733298195	143.195118914207	0	0	144.34542487762	214.15270018622	0	0	581.978727674092
ASV242	136.119785411162	161.14953333781	77.854059027532	70.5882352941177	15.5617802676626	108.679901463556	158.123599947292	211.679741003611	99.7804829375374	81.7104725588996	87.8624325342036	0	0	401.572826905379	230.784667870761
ASV436	272.239570822324	0	70.7764172977564	180.392156862745	0	50.7172873496595	72.4733166425089	105.839870501806	0	0	106.690096648676	0	0	83.6610056052874	220.75055187638
ASV232	32.0281848026263	73.8602027798295	99.0869842168589	70.5882352941177	171.179582944289	86.9439211708448	72.4733166425089	74.7104968248039	86.4764185458658	136.184120931499	169.44897703025	139.664804469274	136.720155429229	200.78641345269	0
ASV68	216.190247417728	268.582555563016	339.726803029231	274.509803921569	108.932461873638	159.397188813215	474.370799841876	579.00635039223	292.689416616776	946.479640473921	94.138320572361	130.353817504655	50.3705835791897	133.85760896846	0
ASV102	488.429818240051	248.43886389579	297.260952650577	243.137254901961	311.235605353252	202.869149398638	276.716299907761	311.293736770016	219.517062462582	245.131417676699	94.138320572361	297.951582867784	71.9579765416997	359.742324102736	0
ASV463	160.140924013132	33.572819445377	70.7764172977564	117.647058823529	108.932461873638	94.1892479350819	59.2963499802346	74.7104968248039	53.2162575666866	34.0460302328748	12.5517760763148	0	0	50.1966033631724	280.955247842665
ASV173	336.295940427576	248.43886389579	311.416236110128	180.392156862745	0	0	0	255.260864151413	332.601609791791	136.184120931499	0	0	0	0	0
ASV332	432.380494835455	127.576713892433	0	133.333333333333	497.976968565204	0	0	0	0	0	0	0	0	0	0
ASV53	0	0	509.590204543846	156.862745098039	217.864923747277	0	283.304783238898	354.874859917818	425.730060533493	1797.63039629579	288.69084975524	232.774674115456	266.244513204289	192.420312892161	0
ASV390	0	188.007788894111	233.562177082596	0	85.5897914721444	0	72.4733166425089	273.938488357614	0	95.3288846520496	0	0	0	0	0
ASV141	208.183201217071	167.864097226885	261.872744001699	266.666666666667	210.084033613445	202.869149398638	303.07023323231	143.195118914207	146.344708308388	306.414272095874	182.000753106565	0	50.3705835791897	117.125407847402	0
ASV35	344.302986628233	490.163163902505	276.02802746125	376.470588235294	459.072517896047	492.682219968121	309.658716563447	386.00423359482	498.902414687687	401.743156747923	489.519266976277	623.836126629423	474.922645175218	501.966033631724	682.319887617901
ASV210	320.281848026263	147.720405559659	460.046712435417	0	482.415188297541	0	0	0	0	0	0	0	0	0	0
ASV79	0	120.862150003357	240.639818812372	133.333333333333	225.645813881108	28.9813070569483	65.8848333113717	0	405.773963945986	231.513005583549	156.897200953935	1657.35567970205	942.649492696265	75.2949050447586	110.37527593819
ASV255	0	194.722352783187	120.319909406186	0	38.9044506691566	152.151862048978	131.769666622743	124.517494708006	99.7804829375374	95.3288846520496	131.793648801305	0	86.3495718500396	92.0271061658161	421.432871763998
ASV33	376.331171430859	443.161216678977	799.773515464647	643.137254901961	778.089013383131	231.850456455586	1271.57728290947	834.267214543643	286.037384420941	381.315538608198	18.8276641144722	37.243947858473	0	501.966033631724	301.023479831427
ASV8	1225.07806870046	711.743772241993	1132.4226767641	2149.01960784314	1128.22906940554	391.247645268802	1488.997232837	1456.85468808368	1011.10889376705	1320.98597303554	608.761139701268	400.372439478585	201.482334316759	1254.91508407931	1083.68452739314
ASV109	528.465049243334	295.440811119318	254.795102271923	141.176470588235	287.892934951758	260.831763512534	217.419949927527	118.291619972606	159.64877270006	108.947296745199	131.793648801305	55.8659217877095	100.741167158379	317.911821300092	0
ASV383	0	120.862150003357	184.018684974167	117.647058823529	0	108.679901463556	125.181183291606	130.743369443407	86.4764185458658	54.4736483725997	0	0	0	0	0
ASV84	328.28889422692	550.594238904183	573.288980111827	125.490196078431	132.275132275132	268.077090276772	289.893266570036	759.55671771884	133.040643916717	0	207.104305259194	0	0	284.447419057977	491.671683724664
ASV445	0	80.5747666689049	77.854059027532	164.705882352941	93.3706816059757	36.2266338211853	72.4733166425089	311.293736770016	0	0	0	0	0	0	0
ASV432	72.0634158059092	60.4310750016786	148.630476325288	78.4313725490196	38.9044506691566	94.1892479350819	85.6502833047832	93.3881210310049	73.1723541541941	54.4736483725997	0	0	0	0	0
ASV264	88.0775082072224	73.8602027798295	162.78575978484	117.647058823529	140.056022408964	36.2266338211853	158.123599947292	255.260864151413	113.084547329209	136.184120931499	18.8276641144722	27.9329608938547	100.741167158379	41.8305028026437	0
ASV538	144.126831611818	127.576713892433	191.096326703942	0	225.645813881108	0	19.7654499934115	99.6139957664052	79.8243863500299	0	0	0	0	0	0
ASV496	88.0775082072224	0	0	62.7450980392157	101.151571739807	50.7172873496595	105.415733298195	193.00211679741	126.388611720881	0	0	0	0	0	0
ASV266	0	0	0	0	0	0	85.6502833047832	43.5811231478023	206.212998070911	47.6644423260248	163.173088992092	474.860335195531	338.202489745988	125.491508407931	0
ASV225	0	201.436916672262	240.639818812372	321.56862745098	85.5897914721444	130.415881756267	105.415733298195	56.0328726186029	0	95.3288846520496	62.758880381574	0	64.7621788875297	276.081318497448	0
ASV170	120.105693009849	342.442758342846	226.48453535282	164.705882352941	653.59477124183	188.378495870164	85.6502833047832	317.519611505416	159.64877270006	88.5196786054746	0	0	0	0	0
ASV178	0	0	0	0	0	0	0	0	0	0	150.621312915778	1554.93482309125	237.461322587609	0	0
ASV57	616.542557450557	214.866044450413	318.493877839904	250.980392156863	319.016495487084	492.682219968121	184.477533271841	242.809114680613	478.94631810018	612.828544191747	458.13982678549	0	172.699143700079	250.983016815862	431.466987758379
ASV249	256.22547842101	147.720405559659	226.48453535282	156.862745098039	0	0	0	0	0	0	156.897200953935	0	0	200.78641345269	551.876379690949
ASV451	0	40.2873833344524	148.630476325288	0	101.151571739807	108.679901463556	177.889049940704	93.3881210310049	59.8682897625225	95.3288846520496	0	0	0	0	0
ASV297	0	87.2893305579803	162.78575978484	54.9019607843137	101.151571739807	65.2079408781336	72.4733166425089	161.872743120408	0	95.3288846520496	0	0	0	0	0
ASV6	2265.99407478581	1577.92251393272	2144.52544412202	1850.98039215686	2093.05944600062	1159.25228227793	2345.50006588483	2079.44216162371	1223.97392403379	1661.44627536429	935.107317685453	521.415270018622	446.139454558538	1907.47092780055	6070.64017660044
ASV447	192.169108815758	0	106.164625946635	70.5882352941177	108.932461873638	130.415881756267	65.8848333113717	0	0	81.7104725588996	75.3106564578888	0	14.3915953083399	83.6610056052874	0
ASV328	232.204339819041	0	297.260952650577	54.9019607843137	303.454715219421	0	0	0	0	0	37.6553282289444	121.042830540037	136.720155429229	0	0
ASV1	3875.41036111778	2746.25663063184	6249.55764739189	6807.8431372549	2769.99688764395	7035.21228807419	8479.37804717354	4190.01369692442	7170.89070711102	4991.14803213945	27952.8053219531	8016.75977653631	31747.8592501979	16857.6926294654	9893.63837045956
ASV172	48.0422772039395	214.866044450413	247.717460542147	203.921568627451	248.988484282602	166.642515577453	197.654499934115	236.583239945212	106.432515133373	68.0920604657497	131.793648801305	0	28.7831906166799	117.125407847402	0
ASV73	360.317079029546	376.015577788223	460.046712435417	156.862745098039	420.168067226891	304.303724097957	316.247199894584	529.199352509028	392.469899554314	279.177447909574	0	0	0	0	0
ASV277	96.0845544078789	33.572819445377	205.251610163494	125.490196078431	77.8089013383131	123.17055499203	92.2387666359204	136.969244178807	0	102.138090698625	125.517760763148	176.908752327747	35.9789882708498	0	0
ASV236	0	241.724300006715	240.639818812372	0	194.522253345783	0	151.535116616155	62.2587473540032	53.2162575666866	95.3288846520496	75.3106564578888	316.573556797021	93.5453695042095	158.955910650046	0
ASV201	0	335.72819445377	346.804444759006	101.960784313725	0	159.397188813215	0	0	232.821126854254	211.085387443824	0	0	0	0	0
ASV472	72.0634158059092	87.2893305579803	141.552834595513	164.705882352941	31.1235605353252	28.9813070569483	85.6502833047832	105.839870501806	6.65203219583583	95.3288846520496	0	0	0	0	0
ASV2	1809.59244134839	4854.62969180152	3623.75256564513	3333.33333333333	2995.64270152505	4854.36893203883	4328.63354855712	5516.12501556469	8068.91505354886	8654.50088519679	7261.20246014811	11061.4525139665	7051.88170108657	2986.69790010876	822.797511539233
ASV313	0	53.7165111126032	92.0093424870833	109.803921568627	0	0	184.477533271841	280.164363093015	172.952837091732	88.5196786054746	112.965984686833	0	0	108.759307286874	170.579971904475
ASV370	80.0704620065658	114.147586114282	42.4658503786538	70.5882352941177	85.5897914721444	86.9439211708448	112.004216629332	124.517494708006	106.432515133373	27.2368241862999	62.758880381574	74.487895716946	35.9789882708498	58.5627039237012	0
ASV88	648.570742253183	530.450547236957	0	211.764705882353	108.932461873638	710.042022895233	204.242983265252	155.646868385008	206.212998070911	279.177447909574	156.897200953935	0	345.398287400158	292.813519618506	0
ASV9	752.662342861718	1571.20795004364	757.307665085993	580.392156862745	995.953937130408	1543.2546007825	955.33008301489	653.716847217034	1357.01456795051	749.012665123247	979.038533952554	1396.64804469274	957.041088004605	686.020245963357	822.797511539233
ASV334	152.133877812475	60.4310750016786	0	86.2745098039216	171.179582944289	137.661208520504	46.1193833179602	0	119.736579525045	115.756502791774	56.4829923434166	130.353817504655	64.7621788875297	142.223709528989	0
ASV286	112.098646809192	161.14953333781	148.630476325288	78.4313725490196	140.056022408964	123.17055499203	85.6502833047832	136.969244178807	79.8243863500299	47.6644423260248	94.138320572361	0	64.7621788875297	184.054212331632	160.545855910094
ASV143	128.112739210505	214.866044450413	254.795102271923	219.607843137255	0	0	296.481749901173	217.905615739011	226.169094658418	333.651096282174	125.517760763148	0	0	225.884715134276	581.978727674092
ASV269	248.218432220354	0	184.018684974167	337.254901960784	264.550264550265	0	0	0	0	0	0	0	0	0	0
ASV327	0	127.576713892433	127.397551135961	86.2745098039216	147.836912542795	0	138.358149953881	230.357365209812	152.996740504224	81.7104725588996	0	0	0	0	0
ASV326	48.0422772039395	127.576713892433	254.795102271923	258.823529411765	163.398692810458	246.34110998406	98.8272499670576	0	19.9560965875075	61.2828544191747	0	0	0	0	0
ASV534	120.105693009849	67.145638890754	127.397551135961	109.803921568627	108.932461873638	115.925228227793	0	124.517494708006	53.2162575666866	0	0	0	0	0	0
ASV76	560.49323404596	228.295172228564	360.959728218558	501.960784313726	280.112044817927	260.831763512534	263.539333245487	317.519611505416	166.300804895896	197.466975350674	56.4829923434166	0	0	568.894838115954	2347.98314268513
ASV44	696.613019457122	423.01752501175	601.599547030929	368.627450980392	365.701836290072	318.794377626431	408.485966530505	180.550367326609	485.598350296015	258.749829769849	401.656834442074	418.994413407821	331.006692091818	460.135530829081	351.194059803331
ASV10	1737.52902554248	691.600080574767	1401.37306249558	1113.72549019608	1314.97043261749	630.343428488625	896.033733034655	691.072095629436	784.939799108628	817.104725588996	489.519266976277	0	525.293228754407	1196.35238015561	2026.89143086494
ASV457	280.24661702298	100.718458336131	0	109.803921568627	311.235605353252	0	0	0	0	0	0	0	0	0	0
ASV168	176.155016414445	214.866044450413	325.571519569679	368.627450980392	132.275132275132	79.6985944066077	177.889049940704	348.648985182418	86.4764185458658	0	0	0	0	0	0
ASV283	0	0	0	0	0	181.133169105927	0	230.357365209812	166.300804895896	183.848563257524	0	0	0	0	0
ASV299	304.26775562495	0	261.872744001699	211.764705882353	272.331154684096	0	59.2963499802346	0	86.4764185458658	74.9012665123247	0	0	0	0	0
ASV479	0	53.7165111126032	49.5434921084295	54.9019607843137	108.932461873638	101.434574699319	52.7078666490974	0	86.4764185458658	47.6644423260248	0	130.353817504655	43.1747859250198	184.054212331632	0
ASV331	0	141.005841670583	198.173968433718	47.0588235294118	0	65.2079408781336	52.7078666490974	0	126.388611720881	54.4736483725997	62.758880381574	0	0	150.589810089517	1063.61629540438
ASV254	296.260709424293	120.862150003357	92.0093424870833	282.352941176471	108.932461873638	130.415881756267	131.769666622743	49.8069978832026	133.040643916717	95.3288846520496	0	0	0	0	0
ASV69	656.577788453839	376.015577788223	226.48453535282	282.352941176471	287.892934951758	543.39950731778	243.773883252075	93.3881210310049	359.209738575135	183.848563257524	232.207857411824	316.573556797021	208.678131970929	200.78641345269	581.978727674092
ASV355	0	0	0	0	0	57.9626141138965	0	124.517494708006	146.344708308388	108.947296745199	87.8624325342036	204.841713221601	122.328560120889	100.393206726345	0
ASV29	224.197293618384	564.023366682334	452.969070705641	909.803921568628	731.403672580143	630.343428488625	836.737383054421	734.653218777238	611.986962016896	994.144082799946	0	0	0	0	0
ASV175	0	0	0	0	0	0	0	0	0	0	125.517760763148	1480.4469273743	366.985680362668	0	0
ASV397	40.0352310032829	73.8602027798295	113.24226767641	94.1176470588235	155.617802676626	0	65.8848333113717	236.583239945212	19.9560965875075	88.5196786054746	18.8276641144722	0	0	75.2949050447586	60.2046959662854
ASV49	360.317079029546	624.454441684013	382.192653407884	282.352941176471	427.948957360722	521.663527025069	461.193833179602	336.197235711617	392.469899554314	333.651096282174	464.415714823648	260.707635009311	244.657120241779	443.403329708023	401.364639775236
ASV498	384.338217631516	194.722352783187	0	0	295.67382508559	0	0	0	0	0	0	0	0	0	0
ASV220	360.317079029546	181.293225005036	247.717460542147	141.176470588235	0	0	0	0	0	0	232.207857411824	0	0	301.179620179035	461.569335741521
ASV341	0	80.5747666689049	28.3105669191026	54.9019607843137	0	43.4719605854224	46.1193833179602	37.3552484124019	166.300804895896	54.4736483725997	62.758880381574	186.219739292365	122.328560120889	83.6610056052874	210.716435881999
ASV115	672.591880855153	255.153427784865	247.717460542147	329.411764705882	427.948957360722	391.247645268802	144.946633285018	74.7104968248039	119.736579525045	149.802533024649	125.517760763148	0	21.5873929625099	259.349117376391	602.046959662854
ASV247	224.197293618384	107.433022225206	304.338594380352	211.764705882353	264.550264550265	152.151862048978	72.4733166425089	0	79.8243863500299	204.276181397249	0	0	0	0	0
ASV450	0	20.1436916672262	92.0093424870833	47.0588235294118	124.494242141301	0	52.7078666490974	99.6139957664052	46.5642253708508	95.3288846520496	0	121.042830540037	64.7621788875297	41.8305028026437	70.2388119606663
ASV4	976.859636480102	3437.85671120661	1762.33279071413	2854.90196078431	4427.32648615002	1695.40646283147	5270.78666490974	3959.65633171461	3605.40145014302	3629.30682282446	3125.39224300238	1359.40409683426	460.531049866878	6358.23642600184	4746.13686534216
ASV398	0	194.722352783187	254.795102271923	141.176470588235	280.112044817927	0	0	0	0	0	0	0	0	0	0
ASV31	312.274801825607	543.879675015108	587.444263571378	258.823529411765	490.196078431373	347.775684683379	606.14046646462	815.589590337442	565.422736646045	728.585046983522	489.519266976277	716.945996275605	266.244513204289	276.081318497448	571.944611679711
ASV211	0	147.720405559659	304.338594380352	109.803921568627	140.056022408964	166.642515577453	171.300566609566	392.23010833022	99.7804829375374	88.5196786054746	0	0	0	0	0
ASV92	0	214.866044450413	403.425578597211	313.725490196078	248.988484282602	253.586436748297	138.358149953881	298.841987299216	266.081287833433	285.986653956149	376.553282289444	0	259.048715550119	192.420312892161	0
ASV422	104.091600608536	87.2893305579803	49.5434921084295	101.960784313725	70.0280112044818	72.4532676423707	59.2963499802346	130.743369443407	53.2162575666866	0	0	0	0	0	0
ASV151	64.0563696052526	120.862150003357	120.319909406186	133.333333333333	70.0280112044818	72.4532676423707	65.8848333113717	124.517494708006	226.169094658418	265.559035816424	87.8624325342036	307.262569832402	251.852917895949	66.9288044842299	0
ASV169	288.253663223637	100.718458336131	311.416236110128	329.411764705882	132.275132275132	123.17055499203	171.300566609566	205.453866268211	126.388611720881	115.756502791774	0	0	0	0	0
ASV98	320.281848026263	449.875780568052	134.475192865737	188.235294117647	0	347.775684683379	283.304783238898	186.77624206201	259.429255637597	258.749829769849	0	0	0	0	0
ASV414	0	0	77.854059027532	62.7450980392157	70.0280112044818	137.661208520504	164.712083278429	174.324492591209	0	74.9012665123247	0	0	0	0	0
ASV411	0	13.4291277781508	63.6987755679807	149.019607843137	0	0	39.530899986823	43.5811231478023	126.388611720881	115.756502791774	0	279.329608938547	122.328560120889	75.2949050447586	0
ASV315	88.0775082072224	100.718458336131	120.319909406186	172.549019607843	303.454715219421	79.6985944066077	0	93.3881210310049	86.4764185458658	68.0920604657497	0	0	0	0	0
ASV321	104.091600608536	67.145638890754	148.630476325288	78.4313725490196	0	210.114476162875	131.769666622743	143.195118914207	179.604869287567	0	0	0	0	0	0
ASV686	96.0845544078789	107.433022225206	198.173968433718	31.3725490196078	70.0280112044818	21.7359802927112	19.7654499934115	118.291619972606	53.2162575666866	0	0	0	0	0	0
ASV16	312.274801825607	825.891358356275	644.065397409583	517.64705882353	459.072517896047	739.023329952181	915.799183028067	952.55883451625	631.943058604404	1164.37423396432	979.038533952554	1173.1843575419	856.299920846226	359.742324102736	0
ASV95	328.28889422692	537.165111126032	403.425578597211	219.607843137255	225.645813881108	173.88784234169	250.362366583213	448.262980948823	139.692676112552	142.993326978074	144.34542487762	0	71.9579765416997	259.349117376391	581.978727674092
ASV357	368.324125230203	214.866044450413	0	298.039215686275	0	0	0	0	0	0	0	0	0	0	0
ASV401	0	100.718458336131	120.319909406186	78.4313725490196	140.056022408964	57.9626141138965	85.6502833047832	118.291619972606	39.912193175015	68.0920604657497	56.4829923434166	0	21.5873929625099	117.125407847402	0
