Group	P10_D00_010_C0E	P02_D00_010_C0A	P04_D00_010_C0B	P06_D00_010_C0C	P08_D00_010_C0D	P01_D00_010_W3A	P03_D00_010_W3B	P05_D00_010_W3C	P07_D00_010_W3D	P09_D00_010_W3E	P01_D00_010_W8A	P03_D00_010_W8B	P05_D00_010_W8C	P07_D00_010_W8D	P09_D00_010_W8E
ASV147	29	25	0	31	31	34	11	0	48	19	45	20	22	0	24
ASV120	0	0	0	0	0	0	0	0	0	0	5	328	74	0	0
ASV467	0	0	0	0	0	26	6	0	18	0	6	0	0	43	21
ASV123	7	10	26	26	45	0	47	85	21	31	14	0	0	30	80
ASV573	8	0	24	8	0	0	24	12	0	9	7	0	1	15	0
ASV342	0	15	0	6	14	28	17	15	13	11	17	21	19	8	0
ASV388	16	14	0	35	76	0	0	0	0	0	0	0	0	0	0
ASV270	30	15	35	47	33	25	4	0	3	16	0	0	0	0	0
ASV40	43	59	65	78	74	53	71	71	53	85	42	0	26	47	203
ASV421	20	0	27	29	0	0	24	27	0	15	0	0	0	0	0
ASV12	117	201	82	66	72	184	159	101	158	161	177	62	60	111	0
ASV78	35	25	34	49	24	26	25	19	32	24	36	71	90	49	90
ASV61	118	77	37	44	50	64	43	0	53	0	0	0	67	55	25
ASV505	0	7	30	6	13	12	0	12	7	14	0	0	0	0	0
ASV52	79	56	47	36	47	98	34	44	57	66	55	51	36	30	0
ASV22	29	70	56	52	73	78	114	97	154	165	152	91	79	50	0
ASV149	20	22	46	13	44	23	33	26	15	13	19	14	2	26	43
ASV157	22	51	35	6	16	47	44	25	12	8	0	0	0	0	0
ASV369	0	0	0	0	0	0	0	0	0	0	17	158	7	0	0
ASV674	33	0	26	16	0	7	6	14	0	0	0	0	0	0	0
ASV216	0	0	0	0	0	0	0	0	0	0	20	66	58	0	0
ASV111	19	33	48	18	45	51	30	17	27	23	19	18	31	10	48
ASV345	0	20	13	8	9	9	28	32	12	12	6	0	0	8	18
ASV30	0	0	0	0	0	0	0	0	0	0	30	393	286	0	0
ASV75	52	62	102	62	0	0	59	91	47	63	0	0	0	0	0
ASV228	35	28	22	18	31	34	7	18	17	13	0	0	0	0	0
ASV105	0	36	35	32	47	27	61	83	26	24	0	0	0	0	0
ASV183	55	37	58	36	21	0	30	25	17	18	0	0	0	0	0
ASV50	47	56	53	32	58	33	37	73	58	91	35	34	34	68	28
ASV55	45	91	37	42	33	57	60	70	99	39	38	12	16	32	28
ASV385	0	12	19	18	7	11	14	14	12	7	0	0	0	0	0
ASV329	0	13	16	15	6	14	21	8	12	19	0	0	0	0	0
ASV91	15	47	23	24	37	27	36	27	45	45	59	39	57	16	17
ASV224	40	33	18	37	17	19	0	25	19	6	0	0	0	0	0
ASV508	1	14	25	13	17	8	6	13	9	8	0	0	0	0	0
ASV89	38	12	16	29	17	42	20	42	60	22	83	46	71	35	16
ASV603	20	13	0	5	0	0	9	6	0	10	6	0	0	15	21
ASV296	15	16	0	6	0	0	0	0	0	0	9	28	59	11	0
ASV219	0	25	24	28	36	34	39	0	0	30	0	0	0	0	0
ASV209	76	0	33	40	53	0	0	0	0	0	0	0	0	0	0
ASV285	15	20	5	7	15	30	0	0	29	8	33	0	9	17	0
ASV25	80	85	90	81	73	124	47	52	90	71	92	115	76	48	0
ASV177	0	33	31	30	34	19	0	27	27	33	19	0	15	20	0
ASV233	0	50	0	15	11	12	24	15	0	17	23	23	31	23	0
ASV180	34	41	25	14	9	26	27	0	20	34	0	0	0	0	0
ASV378	0	0	12	13	92	0	0	0	0	0	0	0	0	0	0
ASV158	34	21	28	29	27	11	28	36	14	45	8	5	2	27	40
ASV429	0	0	0	0	0	0	29	34	25	24	0	0	0	0	0
ASV80	36	37	17	18	14	30	15	28	73	18	82	64	98	26	27
ASV244	0	32	38	28	28	16	19	0	26	16	0	0	0	0	0
ASV384	19	18	43	33	0	0	0	0	0	0	0	0	0	0	0
ASV468	7	17	17	18	20	4	11	0	0	11	0	0	0	0	0
ASV67	30	58	56	50	42	66	68	87	27	19	11	0	0	82	44
ASV455	21	3	10	17	0	8	0	0	10	11	9	12	33	0	0
ASV374	0	9	9	4	0	0	10	0	18	61	0	0	0	0	0
ASV195	15	10	13	27	40	23	25	34	16	16	8	0	0	22	67
ASV518	0	16	0	5	25	9	0	13	0	16	14	0	6	16	0
ASV188	67	40	0	18	20	42	26	0	0	34	0	0	0	0	0
ASV83	48	39	66	31	54	33	58	41	38	31	0	0	25	35	73
ASV517	0	5	8	9	0	14	9	10	0	6	21	0	0	12	25
ASV521	72	0	0	5	16	2	1	0	5	8	0	0	0	0	0
ASV246	21	28	31	19	18	28	21	17	13	4	20	0	4	15	7
ASV116	11	37	29	11	58	22	25	68	21	33	47	18	30	8	0
ASV119	0	0	0	0	0	28	34	93	42	0	0	0	0	0	0
ASV221	20	24	19	0	8	20	24	33	9	18	33	15	35	0	0
ASV185	53	37	36	35	21	15	10	23	0	10	0	0	0	0	0
ASV163	26	32	9	0	0	27	0	10	41	29	44	33	42	0	24
ASV127	21	31	17	8	12	22	37	30	22	72	11	55	49	0	32
ASV394	0	21	19	15	10	11	13	19	15	10	0	0	0	0	0
ASV103	21	53	40	27	33	22	35	57	42	21	54	0	15	27	30
ASV205	16	15	27	16	8	14	13	25	31	23	28	35	23	0	0
ASV108	0	0	0	0	0	0	0	0	0	0	9	342	57	0	0
ASV139	0	26	12	11	28	25	39	15	24	20	50	16	37	9	39
ASV171	12	39	11	21	0	26	0	16	33	21	41	26	10	20	28
ASV144	32	31	29	0	0	39	0	0	50	57	0	0	0	0	0
ASV259	10	27	0	16	39	8	4	54	14	11	0	0	0	0	0
ASV502	0	0	0	0	0	8	0	0	19	28	12	17	29	0	0
ASV14	74	226	93	84	128	85	109	249	129	143	151	67	57	146	86
ASV427	0	25	0	17	17	0	16	24	0	14	0	0	0	0	0
ASV107	0	0	0	0	0	0	0	5	35	99	5	174	107	0	0
ASV454	19	16	31	9	9	10	6	19	0	6	0	0	0	0	0
ASV238	24	13	0	11	0	0	10	18	21	25	23	22	43	12	0
ASV203	14	31	22	18	77	15	18	23	12	6	0	0	0	0	0
ASV43	158	67	74	74	65	113	38	14	60	48	34	10	26	67	27
ASV199	39	35	60	38	30	0	0	0	0	0	0	0	0	0	0
ASV198	24	0	26	24	23	27	0	0	28	44	36	0	12	35	0
ASV200	0	70	36	0	41	21	51	38	28	0	0	0	0	0	0
ASV354	0	7	14	19	17	10	9	25	11	11	0	0	0	0	0
ASV262	0	44	13	8	24	14	16	26	30	25	0	0	0	0	0
ASV353	24	13	25	6	0	25	14	32	0	13	0	0	0	0	0
ASV193	18	22	46	19	19	21	22	33	9	8	12	4	0	23	27
ASV87	0	0	0	0	0	0	0	0	0	0	11	432	33	0	0
ASV58	0	54	70	65	88	24	79	100	54	45	0	0	0	0	0
ASV562	9	14	7	7	11	13	2	0	8	4	12	11	12	0	0
ASV444	0	12	38	0	13	0	19	34	21	0	0	0	0	0	0
ASV142	0	59	21	32	33	33	31	25	36	8	0	0	0	0	0
ASV56	46	106	101	56	78	44	27	85	46	15	0	0	0	0	0
ASV344	18	12	19	16	12	0	18	18	10	6	9	0	0	20	50
ASV13	96	126	99	90	109	98	180	215	151	72	162	47	83	196	97
ASV135	32	53	0	35	30	43	35	44	0	0	8	0	0	34	80
ASV302	0	18	14	12	0	33	28	0	22	0	35	11	5	0	0
ASV362	26	5	12	23	21	0	13	10	0	10	0	3	7	28	17
ASV516	12	13	0	20	10	29	0	9	5	7	14	5	4	0	0
ASV136	13	29	23	19	17	30	50	78	29	13	22	0	12	20	0
ASV317	0	0	0	0	0	0	0	0	0	0	0	90	35	0	27
ASV112	56	26	46	58	53	33	22	12	17	22	7	0	0	32	12
ASV437	0	4	7	0	9	0	5	0	19	8	17	18	10	18	23
ASV275	32	22	0	27	33	0	0	0	0	0	0	0	0	0	0
ASV165	36	31	47	29	34	45	0	29	35	0	0	0	0	0	0
ASV17	70	172	75	47	98	138	155	108	114	101	156	108	61	63	25
ASV379	15	14	14	15	0	0	25	15	10	13	0	0	0	0	0
ASV19	108	90	78	80	103	118	81	79	117	92	131	74	107	103	119
ASV265	24	24	0	10	0	22	6	31	16	23	0	0	0	0	0
ASV602	0	0	0	0	0	0	0	14	12	21	20	4	5	0	41
ASV23	48	96	108	103	92	82	114	96	99	76	90	53	45	80	0
ASV71	34	34	40	47	22	58	39	28	25	52	63	38	34	38	110
ASV99	55	31	15	21	24	96	38	0	19	21	37	16	17	26	47
ASV117	45	37	21	21	48	23	22	13	26	47	28	0	55	15	0
ASV45	0	46	75	59	63	18	242	139	35	70	20	0	18	17	0
ASV223	16	22	24	24	21	18	20	21	0	17	0	0	0	0	0
ASV41	121	62	38	58	37	68	39	36	54	28	97	69	49	47	57
ASV197	49	15	7	13	23	34	8	2	15	16	51	9	17	11	0
ASV279	20	32	23	18	27	0	0	0	0	0	0	0	0	0	0
ASV273	21	0	0	38	9	11	12	49	0	13	0	0	0	0	0
ASV11	42	120	97	81	64	129	95	110	217	208	184	154	137	68	0
ASV113	44	39	24	21	20	36	33	13	41	27	39	33	30	11	0
ASV452	0	0	0	0	0	0	8	20	0	27	0	17	14	9	12
ASV335	0	0	0	0	0	0	44	94	0	25	0	0	0	0	0
ASV164	21	41	38	33	39	8	20	12	21	25	0	0	0	0	0
ASV155	0	64	65	64	0	0	34	57	42	28	0	0	0	0	0
ASV217	0	0	0	0	0	0	25	0	35	50	0	0	0	0	0
ASV47	17	0	37	31	0	9	9	15	30	81	29	145	282	0	18
ASV292	12	19	8	14	18	6	4	19	11	12	7	0	0	19	110
ASV348	55	14	0	8	0	0	0	0	0	0	25	0	0	40	22
ASV278	0	0	0	0	0	49	17	50	0	0	0	0	0	0	0
ASV595	0	7	17	10	21	7	17	26	0	0	0	0	0	0	0
ASV133	36	25	45	0	27	20	26	0	40	21	33	16	26	32	0
ASV433	0	0	0	0	0	0	15	16	0	13	0	2	4	18	63
ASV134	45	85	28	40	38	38	16	23	20	0	0	0	0	0	0
ASV260	0	0	0	0	0	0	0	28	26	15	37	24	28	0	0
ASV377	0	12	27	9	30	0	32	24	0	9	0	0	0	0	0
ASV124	45	53	39	67	0	0	0	0	0	0	0	0	0	0	0
ASV126	54	47	39	38	48	39	31	0	0	22	0	0	0	0	0
ASV77	78	42	0	37	69	51	55	72	64	0	0	46	54	43	0
ASV253	46	15	13	31	18	28	19	0	10	10	2	0	5	34	0
ASV306	0	14	28	7	14	0	16	38	14	25	0	0	0	0	0
ASV167	20	21	15	17	24	32	43	14	24	34	21	0	0	17	34
ASV38	86	59	85	82	77	57	108	69	63	45	22	9	0	86	108
ASV294	0	24	21	26	0	56	8	9	9	12	5	0	0	17	20
ASV251	0	44	26	19	27	6	40	54	0	0	0	0	0	0	0
ASV392	30	16	15	25	15	22	2	0	0	6	0	0	0	0	0
ASV227	35	25	30	9	9	35	16	0	11	26	0	0	0	0	0
ASV418	0	0	0	0	0	24	26	36	0	15	0	0	0	0	0
ASV304	0	0	0	0	0	0	0	0	0	0	0	4	2	0	462
ASV26	73	80	113	115	103	0	179	207	86	102	0	0	0	0	0
ASV218	0	0	0	0	0	34	29	0	13	47	0	0	0	0	0
ASV333	23	15	17	21	42	0	26	9	0	15	0	0	0	0	0
ASV196	0	38	32	48	87	0	0	0	0	0	0	0	0	0	0
ASV599	27	0	30	19	10	8	0	0	3	6	0	0	0	0	0
ASV137	20	36	28	33	65	30	36	61	23	19	0	0	0	0	0
ASV72	63	38	31	42	37	40	23	0	34	48	0	74	94	31	0
ASV336	10	6	2	15	1	13	3	14	15	22	39	11	14	0	0
ASV187	48	17	0	27	26	43	0	0	20	33	0	0	0	0	0
ASV118	60	35	27	21	0	56	38	0	23	43	0	0	0	0	0
ASV237	0	0	0	0	0	30	18	0	46	15	0	0	0	0	0
ASV148	42	39	51	16	22	49	17	0	21	18	0	0	0	0	0
ASV70	38	42	31	33	21	165	29	27	41	13	31	24	33	65	0
ASV240	0	35	35	31	24	19	32	0	23	17	0	0	0	0	0
ASV125	0	0	0	0	0	24	31	48	48	82	10	33	36	25	0
ASV74	0	63	133	39	23	42	27	93	55	40	0	0	0	0	0
ASV460	16	18	0	8	22	18	1	0	4	4	15	0	5	14	0
ASV62	45	48	35	44	34	59	55	45	75	39	67	33	39	45	29
ASV307	22	0	28	20	17	0	0	0	0	0	48	0	1	15	22
ASV145	0	0	0	0	0	52	48	0	66	45	0	0	0	0	0
ASV192	35	26	0	27	24	29	14	23	16	50	0	0	0	0	0
ASV213	8	21	30	14	21	20	12	68	12	14	11	0	4	27	17
ASV363	15	31	18	6	30	17	10	17	0	0	0	0	0	0	0
ASV245	0	0	0	0	0	15	5	0	31	34	17	28	24	25	0
ASV60	46	69	23	22	43	74	58	28	49	28	71	40	59	46	0
ASV376	0	11	0	5	17	0	16	28	11	14	0	0	0	0	0
ASV364	0	0	0	0	0	16	0	61	49	0	0	0	0	0	0
ASV140	0	11	46	12	42	0	40	60	37	48	21	0	8	31	0
ASV420	22	12	0	18	17	5	17	31	11	3	0	0	0	0	0
ASV42	85	67	77	44	51	111	46	140	59	13	0	0	0	0	0
ASV215	0	47	52	0	37	34	20	56	0	0	0	0	0	0	0
ASV110	0	41	48	38	45	28	10	0	37	24	34	49	33	47	0
ASV271	0	0	0	0	0	28	10	0	0	25	24	0	0	28	131
ASV106	12	39	47	63	81	18	35	22	18	23	0	0	0	0	0
ASV34	116	92	91	52	111	40	57	97	75	66	0	42	29	61	0
ASV51	43	43	42	22	42	22	15	102	59	42	93	91	55	60	38
ASV129	49	37	19	28	27	25	15	0	27	26	38	26	34	0	0
ASV291	0	18	17	9	13	13	10	22	14	19	6	0	9	27	23
ASV351	3	14	5	6	4	7	7	3	15	10	20	23	17	8	12
ASV241	37	0	0	34	21	0	24	60	0	29	0	0	0	0	0
ASV371	31	18	25	0	0	16	14	0	14	25	0	0	0	0	0
ASV97	46	44	6	27	15	56	41	0	45	20	53	0	34	36	29
ASV82	0	29	42	49	78	0	101	120	43	32	15	0	0	37	40
ASV65	20	62	51	93	95	68	8	17	39	32	10	7	8	80	0
ASV314	17	6	61	33	39	0	0	0	0	0	0	0	0	0	0
ASV15	113	128	115	57	70	106	105	124	185	125	89	86	111	84	48
ASV122	31	12	14	13	20	24	10	9	37	22	90	38	44	21	44
ASV101	26	47	30	40	29	23	22	38	39	29	22	20	61	38	0
ASV320	16	13	20	16	22	11	10	0	36	6	0	0	0	0	0
ASV20	105	73	102	127	305	41	81	184	30	114	18	0	0	111	115
ASV282	18	18	16	24	28	25	15	24	12	12	0	0	0	0	0
ASV189	71	0	65	64	52	0	0	0	0	0	0	0	0	0	0
ASV346	79	0	0	34	33	0	0	0	0	0	0	0	0	0	0
ASV590	12	10	9	3	14	11	10	0	5	15	7	0	0	4	14
ASV27	92	99	43	59	52	89	83	44	125	157	97	85	41	82	0
ASV100	46	40	47	37	31	39	21	25	29	27	37	9	20	39	0
ASV295	35	20	0	12	12	34	0	10	18	0	22	13	11	10	14
ASV138	0	0	0	0	0	25	78	71	27	24	0	0	0	0	0
ASV382	0	26	40	20	0	22	13	0	0	26	0	0	0	0	0
ASV181	15	25	18	12	16	18	22	18	26	10	19	42	32	14	16
ASV63	38	86	62	66	59	45	69	40	38	23	23	10	8	86	22
ASV202	27	15	10	12	25	26	16	37	30	17	40	7	7	12	0
ASV339	21	15	18	22	14	13	29	0	12	12	0	0	6	9	26
ASV322	0	19	12	12	22	15	11	12	4	10	2	0	13	8	0
ASV207	42	0	18	20	28	30	15	0	19	40	0	0	0	0	0
ASV284	0	0	45	21	58	0	0	0	0	0	0	0	0	0	0
ASV309	26	10	0	15	0	14	12	51	21	17	0	0	0	0	0
ASV150	82	32	25	35	27	40	24	29	0	0	0	0	0	0	0
ASV130	0	42	0	21	24	68	42	0	52	27	0	0	0	0	0
ASV114	57	51	35	30	37	29	29	12	31	42	0	0	0	0	0
ASV96	52	44	0	18	60	62	18	0	38	40	41	17	31	45	0
ASV184	0	0	0	0	0	0	49	20	20	23	0	0	0	0	0
ASV48	81	55	47	26	21	17	64	55	69	92	58	82	45	41	31
ASV186	11	15	32	27	19	22	0	35	25	27	0	18	17	23	0
ASV176	7	16	18	15	67	18	10	25	23	24	8	0	0	56	4
ASV5	312	529	345	201	238	554	392	372	527	379	419	141	232	308	97
ASV204	0	0	0	0	0	0	38	0	25	48	0	0	0	0	0
ASV160	0	0	0	0	0	0	47	40	66	49	0	0	0	0	0
ASV229	0	33	24	24	23	18	35	40	22	36	0	0	0	0	0
ASV404	0	0	0	0	0	0	8	12	26	17	12	22	18	11	0
ASV592	0	14	22	15	0	0	12	27	0	12	0	0	0	0	0
ASV206	34	17	0	23	0	26	29	44	16	35	0	0	0	0	0
ASV405	0	0	0	0	0	0	0	0	0	0	39	34	22	0	10
ASV104	0	38	51	29	50	0	26	57	34	55	26	35	15	46	44
ASV280	57	0	10	62	50	0	0	0	0	0	0	0	0	0	0
ASV290	29	16	12	9	18	24	18	39	23	0	0	0	0	0	0
ASV482	0	0	0	0	0	0	24	27	0	11	30	0	0	33	14
ASV59	23	55	66	24	33	49	41	106	37	40	40	26	29	75	35
ASV128	40	33	0	13	0	82	46	0	26	21	21	0	37	31	0
ASV396	19	9	0	14	15	4	12	24	0	5	13	0	0	12	34
ASV552	12	14	18	10	16	8	2	8	5	0	11	3	3	3	0
ASV121	0	22	41	22	43	31	25	23	37	27	20	32	26	15	0
ASV272	0	0	0	0	0	0	47	59	0	26	0	0	0	0	0
ASV39	58	122	79	53	60	118	65	59	67	58	0	0	0	0	0
ASV179	0	34	67	44	48	0	25	0	45	13	0	0	0	0	0
ASV161	0	0	0	0	0	0	34	0	56	55	38	28	36	35	30
ASV501	26	0	18	18	0	19	16	0	24	0	0	0	0	0	0
ASV159	21	27	26	0	0	53	24	20	25	30	0	0	0	0	0
ASV318	53	18	0	26	0	18	7	8	24	5	8	0	6	14	0
ASV36	79	80	70	75	25	71	69	73	72	70	62	16	37	55	39
ASV441	18	19	12	18	9	9	12	19	3	11	0	0	0	0	0
ASV514	12	8	0	12	8	13	0	0	6	13	9	0	19	4	0
ASV64	31	28	66	15	43	27	71	95	26	6	0	0	0	0	0
ASV243	12	16	15	18	16	22	7	13	10	7	9	50	18	9	10
ASV403	14	17	0	4	8	6	20	0	40	0	0	0	0	0	0
ASV375	0	0	10	31	8	11	23	41	0	8	0	0	0	0	0
ASV86	57	45	53	29	0	58	58	49	55	27	47	0	0	43	40
ASV190	40	14	19	19	11	41	28	24	18	22	10	0	7	17	0
ASV340	12	18	35	27	28	0	0	0	0	0	0	0	0	0	0
ASV347	0	0	0	0	0	0	0	0	0	0	11	93	40	0	0
ASV162	26	24	36	44	109	3	15	39	16	0	0	0	0	0	0
ASV252	33	17	46	21	21	0	19	11	0	56	0	0	0	0	0
ASV146	21	31	37	47	52	25	12	9	20	20	0	0	0	0	0
ASV54	30	32	56	32	17	32	96	110	48	65	58	0	0	124	94
ASV337	9	10	23	6	29	6	26	17	6	15	0	0	0	0	0
ASV226	11	17	28	26	24	22	9	11	13	23	15	0	4	18	0
ASV24	75	67	100	58	56	42	77	123	86	144	76	55	50	58	225
ASV456	13	21	15	0	7	13	31	30	0	0	0	0	0	0	0
ASV18	58	91	89	80	81	85	130	176	119	89	138	108	88	85	86
ASV293	0	0	0	0	0	11	13	63	15	0	3	0	12	36	0
ASV212	0	0	0	0	0	26	36	55	42	29	0	0	0	0	0
ASV66	28	52	60	40	33	39	77	64	32	34	37	0	0	94	22
ASV330	59	21	0	19	31	0	0	0	0	0	0	0	0	0	0
ASV21	115	85	44	129	73	145	86	114	87	93	136	16	11	184	30
ASV94	19	78	59	27	48	27	38	89	44	28	20	13	6	31	0
ASV235	37	0	0	30	12	36	0	15	0	21	25	12	9	37	0
ASV471	11	6	15	13	0	10	15	13	13	14	0	0	0	0	0
ASV263	0	0	0	0	0	0	36	51	0	39	0	0	0	0	0
ASV386	17	15	5	6	12	11	7	0	10	4	7	14	11	0	30
ASV230	0	25	30	23	32	0	22	36	36	0	0	0	0	0	0
ASV523	19	0	7	22	20	20	0	8	2	5	0	0	0	0	0
ASV287	30	16	0	7	0	43	13	0	28	8	22	14	0	31	0
ASV152	0	22	65	35	22	0	34	49	25	0	0	0	0	0	0
ASV182	23	41	32	23	16	15	30	33	27	26	0	0	0	0	0
ASV453	0	16	9	0	13	15	10	19	18	9	0	0	0	0	0
ASV416	0	17	13	23	22	0	16	0	19	15	0	0	0	0	0
ASV234	69	10	22	44	15	22	11	0	8	14	0	0	0	0	0
ASV525	24	9	0	6	11	21	5	1	6	0	0	0	4	7	12
ASV191	12	22	10	9	5	23	15	7	33	11	21	33	25	22	10
ASV28	70	116	62	54	98	106	77	103	94	45	98	52	27	89	75
ASV37	110	85	45	30	40	87	78	75	48	114	54	11	7	54	34
ASV408	0	4	0	11	16	21	0	24	15	9	13	0	6	15	10
ASV268	0	38	21	5	46	37	0	22	7	13	0	0	0	0	0
ASV257	16	19	17	13	0	10	0	19	19	11	23	40	30	3	0
ASV274	7	0	9	9	0	0	3	10	21	13	8	121	18	0	0
ASV46	16	30	25	26	0	47	50	47	69	159	153	47	70	28	0
ASV90	37	14	51	120	36	13	24	29	35	44	16	14	4	29	26
ASV154	28	11	22	55	19	20	29	59	0	30	8	0	17	26	25
ASV360	0	15	25	14	39	13	12	14	0	11	0	0	0	0	0
ASV311	0	0	29	14	27	0	19	39	25	20	0	0	0	0	0
ASV153	37	43	0	18	0	27	21	0	0	113	0	0	0	0	0
ASV32	57	35	24	45	0	47	44	61	80	123	60	107	170	33	38
ASV85	50	40	17	29	21	36	24	38	63	31	57	68	47	0	0
ASV7	307	201	88	98	131	209	112	87	169	137	198	85	118	120	30
ASV131	0	28	26	15	38	16	33	44	26	30	46	0	0	51	48
ASV395	19	8	10	14	12	24	13	13	8	2	2	0	0	12	23
ASV3	228	411	477	488	159	649	468	305	427	387	1297	514	1480	1110	1399
ASV381	0	0	0	0	0	10	9	7	9	5	0	66	7	23	0
ASV288	20	36	14	0	20	29	16	0	32	0	0	0	0	0	0
ASV276	0	51	44	0	12	0	0	0	0	0	0	0	0	0	0
ASV431	0	8	7	13	17	6	14	11	16	11	9	0	0	20	38
ASV208	0	0	0	0	0	17	37	49	15	0	28	0	0	30	45
ASV387	15	18	14	15	6	28	2	7	9	0	5	0	0	15	26
ASV93	58	41	24	28	17	55	22	24	55	21	40	29	42	25	34
ASV81	79	37	0	26	41	57	17	0	49	38	28	130	54	17	0
ASV301	0	18	18	31	12	0	20	24	17	0	0	0	0	0	0
ASV132	0	0	0	0	0	0	0	41	55	33	26	88	50	0	0
ASV308	33	23	0	11	24	0	9	30	0	22	0	0	0	0	0
ASV174	17	24	16	9	6	14	12	15	41	18	24	31	49	17	0
ASV391	8	21	27	38	24	0	0	0	0	0	0	0	0	0	0
ASV303	14	0	9	7	0	25	4	16	21	0	16	23	31	10	0
ASV545	0	0	0	0	0	13	16	23	0	0	23	23	0	0	58
ASV242	17	24	11	9	2	15	24	34	15	12	14	0	0	48	23
ASV436	34	0	10	23	0	7	11	17	0	0	17	0	0	10	22
ASV232	4	11	14	9	22	12	11	12	13	20	27	15	19	24	0
ASV68	27	40	48	35	14	22	72	93	44	139	15	14	7	16	0
ASV102	61	37	42	31	40	28	42	50	33	36	15	32	10	43	0
ASV463	20	5	10	15	14	13	9	12	8	5	2	0	0	6	28
ASV173	42	37	44	23	0	0	0	41	50	20	0	0	0	0	0
ASV332	54	19	0	17	64	0	0	0	0	0	0	0	0	0	0
ASV53	0	0	72	20	28	0	43	57	64	264	46	25	37	23	0
ASV390	0	28	33	0	11	0	11	44	0	14	0	0	0	0	0
ASV141	26	25	37	34	27	28	46	23	22	45	29	0	7	14	0
ASV35	43	73	39	48	59	68	47	62	75	59	78	67	66	60	68
ASV210	40	22	65	0	62	0	0	0	0	0	0	0	0	0	0
ASV79	0	18	34	17	29	4	10	0	61	34	25	178	131	9	11
ASV255	0	29	17	0	5	21	20	20	15	14	21	0	12	11	42
ASV33	47	66	113	82	100	32	193	134	43	56	3	4	0	60	30
ASV8	153	106	160	274	145	54	226	234	152	194	97	43	28	150	108
ASV109	66	44	36	18	37	36	33	19	24	16	21	6	14	38	0
ASV383	0	18	26	15	0	15	19	21	13	8	0	0	0	0	0
ASV84	41	82	81	16	17	37	44	122	20	0	33	0	0	34	49
ASV445	0	12	11	21	12	5	11	50	0	0	0	0	0	0	0
ASV432	9	9	21	10	5	13	13	15	11	8	0	0	0	0	0
ASV264	11	11	23	15	18	5	24	41	17	20	3	3	14	5	0
ASV538	18	19	27	0	29	0	3	16	12	0	0	0	0	0	0
ASV496	11	0	0	8	13	7	16	31	19	0	0	0	0	0	0
ASV266	0	0	0	0	0	0	13	7	31	7	26	51	47	15	0
ASV225	0	30	34	41	11	18	16	9	0	14	10	0	9	33	0
ASV170	15	51	32	21	84	26	13	51	24	13	0	0	0	0	0
ASV178	0	0	0	0	0	0	0	0	0	0	24	167	33	0	0
ASV57	77	32	45	32	41	68	28	39	72	90	73	0	24	30	43
ASV249	32	22	32	20	0	0	0	0	0	0	25	0	0	24	55
ASV451	0	6	21	0	13	15	27	15	9	14	0	0	0	0	0
ASV297	0	13	23	7	13	9	11	26	0	14	0	0	0	0	0
ASV6	283	235	303	236	269	160	356	334	184	244	149	56	62	228	605
ASV447	24	0	15	9	14	18	10	0	0	12	12	0	2	10	0
ASV328	29	0	42	7	39	0	0	0	0	0	6	13	19	0	0
ASV1	484	409	883	868	356	971	1287	673	1078	733	4454	861	4412	2015	986
ASV172	6	32	35	26	32	23	30	38	16	10	21	0	4	14	0
ASV73	45	56	65	20	54	42	48	85	59	41	0	0	0	0	0
ASV277	12	5	29	16	10	17	14	22	0	15	20	19	5	0	0
ASV236	0	36	34	0	25	0	23	10	8	14	12	34	13	19	0
ASV201	0	50	49	13	0	22	0	0	35	31	0	0	0	0	0
ASV472	9	13	20	21	4	4	13	17	1	14	0	0	0	0	0
ASV2	226	723	512	425	385	670	657	886	1213	1271	1157	1188	980	357	82
ASV313	0	8	13	14	0	0	28	45	26	13	18	0	0	13	17
ASV370	10	17	6	9	11	12	17	20	16	4	10	8	5	7	0
ASV88	81	79	0	27	14	98	31	25	31	41	25	0	48	35	0
ASV9	94	234	107	74	128	213	145	105	204	110	156	150	133	82	82
ASV334	19	9	0	11	22	19	7	0	18	17	9	14	9	17	0
ASV286	14	24	21	10	18	17	13	22	12	7	15	0	9	22	16
ASV143	16	32	36	28	0	0	45	35	34	49	20	0	0	27	58
ASV269	31	0	26	43	34	0	0	0	0	0	0	0	0	0	0
ASV327	0	19	18	11	19	0	21	37	23	12	0	0	0	0	0
ASV326	6	19	36	33	21	34	15	0	3	9	0	0	0	0	0
ASV534	15	10	18	14	14	16	0	20	8	0	0	0	0	0	0
ASV76	70	34	51	64	36	36	40	51	25	29	9	0	0	68	234
ASV44	87	63	85	47	47	44	62	29	73	38	64	45	46	55	35
ASV10	217	103	198	142	169	87	136	111	118	120	78	0	73	143	202
ASV457	35	15	0	14	40	0	0	0	0	0	0	0	0	0	0
ASV168	22	32	46	47	17	11	27	56	13	0	0	0	0	0	0
ASV283	0	0	0	0	0	25	0	37	25	27	0	0	0	0	0
ASV299	38	0	37	27	35	0	9	0	13	11	0	0	0	0	0
ASV479	0	8	7	7	14	14	8	0	13	7	0	14	6	22	0
ASV331	0	21	28	6	0	9	8	0	19	8	10	0	0	18	106
ASV254	37	18	13	36	14	18	20	8	20	14	0	0	0	0	0
ASV69	82	56	32	36	37	75	37	15	54	27	37	34	29	24	58
ASV355	0	0	0	0	0	8	0	20	22	16	14	22	17	12	0
ASV29	28	84	64	116	94	87	127	118	92	146	0	0	0	0	0
ASV175	0	0	0	0	0	0	0	0	0	0	20	159	51	0	0
ASV397	5	11	16	12	20	0	10	38	3	13	3	0	0	9	6
ASV49	45	93	54	36	55	72	70	54	59	49	74	28	34	53	40
ASV498	48	29	0	0	38	0	0	0	0	0	0	0	0	0	0
ASV220	45	27	35	18	0	0	0	0	0	0	37	0	0	36	46
ASV341	0	12	4	7	0	6	7	6	25	8	10	20	17	10	21
ASV115	84	38	35	42	55	54	22	12	18	22	20	0	3	31	60
ASV247	28	16	43	27	34	21	11	0	12	30	0	0	0	0	0
ASV450	0	3	13	6	16	0	8	16	7	14	0	13	9	5	7
ASV4	122	512	249	364	569	234	800	636	542	533	498	146	64	760	473
ASV398	0	29	36	18	36	0	0	0	0	0	0	0	0	0	0
ASV31	39	81	83	33	63	48	92	131	85	107	78	77	37	33	57
ASV211	0	22	43	14	18	23	26	63	15	13	0	0	0	0	0
ASV92	0	32	57	40	32	35	21	48	40	42	60	0	36	23	0
ASV422	13	13	7	13	9	10	9	21	8	0	0	0	0	0	0
ASV151	8	18	17	17	9	10	10	20	34	39	14	33	35	8	0
ASV169	36	15	44	42	17	17	26	33	19	17	0	0	0	0	0
ASV98	40	67	19	24	0	48	43	30	39	38	0	0	0	0	0
ASV414	0	0	11	8	9	19	25	28	0	11	0	0	0	0	0
ASV411	0	2	9	19	0	0	6	7	19	17	0	30	17	9	0
ASV315	11	15	17	22	39	11	0	15	13	10	0	0	0	0	0
ASV321	13	10	21	10	0	29	20	23	27	0	0	0	0	0	0
ASV686	12	16	28	4	9	3	3	19	8	0	0	0	0	0	0
ASV16	39	123	91	66	59	102	139	153	95	171	156	126	119	43	0
ASV95	41	80	57	28	29	24	38	72	21	21	23	0	10	31	58
ASV357	46	32	0	38	0	0	0	0	0	0	0	0	0	0	0
ASV401	0	15	17	10	18	8	13	19	6	10	9	0	3	14	0
