Group	P10_D00_010_C0E	P02_D00_010_C0A	P04_D00_010_C0B	P06_D00_010_C0C	P08_D00_010_C0D	P01_D00_010_W3A	P03_D00_010_W3B	P07_D00_010_W3D	P09_D00_010_W3E	P01_D00_010_W8A	P03_D00_010_W8B	P05_D00_010_W8C	P07_D00_010_W8D
ASV116	3	0	2	7	0	7	85	9	15	2	10	0	2
ASV4	260	458	76	72	987	201	25	49	81	32	100	163	28
ASV416	1	4	0	3	0	0	0	0	0	4	36	3	0
ASV114	0	79	1	18	28	0	0	0	0	0	0	0	0
ASV233	0	1	4	4	5	2	11	4	25	0	0	0	0
ASV12	32	24	166	206	0	33	351	294	295	0	51	7	202
ASV164	0	0	0	0	0	0	0	0	0	14	2	14	24
ASV8	0	0	0	0	0	2398	1	1	0	4	3	5	0
ASV45	5	2	2	8	0	0	55	16	153	22	74	126	340
ASV150	0	0	0	0	0	4	0	1	6	4	214	1	0
ASV124	15	24	52	0	0	0	0	0	0	0	0	0	0
ASV177	0	0	0	0	0	0	20	3	10	3	54	13	44
ASV274	1	6	0	2	9	1	1	4	7	9	13	8	1
ASV202	0	0	0	0	0	0	17	13	36	0	4	8	6
ASV105	0	0	0	0	0	0	16	5	64	35	4	54	102
ASV174	0	1	7	12	0	0	22	14	10	6	16	8	8
ASV60	0	241	4	3	0	0	0	0	0	0	0	0	0
ASV2	122	71	28	26	1024	14	222	66	400	94	550	1123	46
ASV38	0	0	1	469	1	0	0	0	0	0	0	0	0
ASV57	4	16	24	4	4	0	129	18	25	16	0	98	73
ASV70	0	0	0	0	0	0	0	0	0	3	203	87	0
ASV10	7	471	346	279	0	0	0	0	0	0	0	0	0
ASV44	14	1	0	196	7	15	63	27	23	5	0	5	339
ASV55	7	0	0	1	6	6	9	99	193	52	61	51	0
ASV126	1	57	7	23	0	0	0	0	0	0	0	0	0
ASV64	2	86	1	3	24	28	36	1	9	53	0	36	46
ASV34	1	0	1	133	0	0	0	0	0	0	0	0	0
ASV95	2	8	3	8	1	3	78	13	55	0	0	0	0
ASV81	2	2	6	11	3	19	46	17	99	14	19	16	36
ASV100	8	20	5	4	13	3	7	6	15	9	55	57	3
ASV58	22	4	5	28	0	0	0	0	0	0	0	0	0
ASV129	4	4	1	2	11	5	17	7	29	30	6	20	3
ASV104	37	6	5	16	20	4	14	24	11	0	0	0	0
ASV20	0	128	130	273	40	11	14	223	0	0	0	0	0
ASV86	0	0	0	0	0	5	11	6	103	42	0	52	131
ASV119	0	0	0	0	0	58	83	0	2	0	0	0	0
ASV23	5	103	65	10	587	1	33	3	21	0	0	0	0
ASV120	0	29	0	28	67	0	0	0	0	0	0	0	0
ASV278	3	2	2	1	0	1	2	5	6	15	5	21	2
ASV118	8	13	53	14	2	0	0	0	0	0	0	0	0
ASV22	141	191	64	9	238	69	0	13	19	20	0	46	7
ASV300	1	0	1	0	4	1	11	0	18	1	20	14	0
ASV250	0	3	0	16	46	0	0	0	0	0	0	0	0
ASV25	12	449	6	0	0	0	0	0	0	0	0	0	0
ASV261	0	0	0	0	0	0	0	0	0	11	43	30	0
ASV91	3	6	6	6	7	11	2	16	34	33	77	65	4
ASV111	0	4	1	2	85	1	11	39	7	13	6	24	5
ASV9	62	100	39	74	411	56	375	288	171	121	66	71	20
ASV205	6	7	0	0	5	2	3	10	11	23	18	3	0
ASV316	1	1	3	0	9	0	14	5	3	10	0	4	17
ASV219	0	0	0	0	0	0	0	0	0	4	106	23	0
ASV128	2	1	2	0	0	19	62	1	90	0	0	0	0
ASV169	8	26	2	5	4	14	0	10	11	0	0	0	0
ASV186	4	0	1	21	48	0	0	0	0	0	0	0	0
ASV184	1	3	16	2	42	0	0	0	0	0	0	0	0
ASV262	1	0	2	53	0	0	0	0	0	0	0	0	0
ASV259	4	11	3	0	7	11	5	6	15	0	0	0	0
ASV286	0	0	0	0	0	1	1	0	8	37	36	5	0
ASV1	3978	103	12	2	0	1256	3	0	7	0	0	0	0
ASV103	0	0	0	0	0	0	0	0	0	66	33	49	0
ASV172	0	12	0	59	5	0	0	0	0	0	0	0	0
ASV208	0	52	1	0	1	0	0	0	0	0	0	0	0
ASV106	0	0	0	0	0	0	0	0	0	71	154	17	0
ASV83	0	12	107	1	0	0	0	0	0	0	0	0	0
ASV227	0	0	0	0	0	0	18	21	18	0	0	0	0
ASV74	5	0	7	14	12	1	0	4	113	37	152	22	0
ASV307	0	0	0	0	0	0	0	0	0	4	52	5	7
ASV196	0	0	0	0	0	0	17	13	30	0	16	3	4
ASV200	0	6	18	1	0	17	1	31	0	0	0	0	0
ASV125	0	0	0	0	0	1	8	4	10	25	12	7	295
ASV97	0	3	0	11	1	17	1	0	213	0	0	0	0
ASV147	1	8	46	0	0	0	0	0	0	0	0	0	0
ASV170	49	0	0	3	5	0	0	0	0	0	0	0	0
ASV102	1	1	0	19	8	2	7	7	0	3	63	111	2
ASV268	3	2	0	0	4	5	0	3	15	6	40	2	2
ASV101	7	4	1	3	65	0	10	4	17	1	7	59	0
ASV13	46	299	3	17	503	372	5	20	72	18	0	126	6
ASV148	9	3	5	0	16	20	2	17	0	0	0	0	0
ASV48	15	20	3	16	70	60	11	92	65	85	7	3	10
ASV36	8	24	53	14	36	30	78	105	16	98	31	8	480
ASV49	0	2	0	17	2	0	2	379	12	0	0	0	0
ASV62	55	0	4	173	0	9	0	2	3	0	0	0	0
ASV16	2	142	231	127	2	140	447	6	29	3	35	6	0
ASV79	0	44	4	0	94	1	1	20	0	43	9	9	26
ASV68	3	2	1	8	298	0	0	0	0	0	0	0	0
ASV144	0	3	4	0	34	0	0	0	0	44	0	13	4
ASV163	16	14	0	6	0	9	14	7	0	3	3	0	4
ASV154	0	0	0	0	0	0	0	0	0	1	23	82	1
ASV11	4	8	456	0	0	0	0	0	0	0	0	0	0
ASV136	3	1	0	4	10	3	5	17	3	3	81	24	3
ASV210	0	0	0	0	0	0	0	0	0	1	75	22	0
ASV189	11	2	15	8	12	0	9	1	5	0	0	0	0
ASV113	0	0	0	0	0	2	7	34	11	23	0	77	4
ASV84	0	6	156	1	0	0	0	0	0	0	0	0	0
ASV131	0	0	0	0	0	0	11	15	21	13	35	0	2
ASV66	0	0	0	0	0	1	0	170	2	0	0	0	0
ASV358	0	0	0	0	0	2	2	4	3	10	30	15	0
ASV127	0	0	3	9	6	0	0	0	0	32	30	24	8
ASV29	73	1	5	403	0	2	8	7	21	0	0	0	0
ASV71	16	39	9	9	61	0	0	0	0	0	0	0	0
ASV88	1	11	2	4	0	0	135	9	8	4	0	48	3
ASV251	0	2	0	6	18	8	20	0	7	0	0	0	0
ASV180	5	0	2	8	20	4	0	3	24	0	0	0	0
ASV140	0	0	0	0	0	21	5	0	13	1	205	2	1
ASV40	47	15	28	53	101	42	92	82	43	0	0	0	0
ASV183	4	7	1	0	48	4	3	0	6	2	8	0	3
ASV42	3	64	42	69	4	72	66	110	9	0	0	0	0
ASV137	0	0	0	0	0	1	24	79	0	0	0	0	0
ASV188	0	20	22	1	11	0	0	0	0	0	0	0	0
ASV78	0	0	2	6	2	0	14	8	30	3	547	2	3
ASV199	0	0	0	0	0	0	39	10	7	0	0	0	0
ASV46	0	0	0	0	0	21	30	137	63	0	0	0	0
ASV24	33	11	9	91	13	111	71	179	19	4	1	3	1025
ASV190	0	13	9	0	47	0	0	0	0	0	0	0	0
ASV151	32	1	13	3	0	1	2	0	8	0	0	0	0
ASV15	1	1	2	68	1	33	167	87	120	781	16	12	202
ASV65	9	0	0	8	159	0	0	0	0	21	3	15	11
ASV92	0	0	0	0	0	1	13	7	58	22	37	71	132
ASV28	0	0	0	0	0	1	7	166	316	126	322	3	0
ASV109	0	0	14	16	102	0	2	12	15	0	0	0	0
ASV312	0	0	0	0	0	0	0	0	0	7	80	5	0
ASV329	0	0	6	1	7	1	0	3	25	2	0	10	11
ASV56	8	20	237	14	1	0	0	0	0	0	0	0	0
ASV135	7	10	0	15	18	1	0	3	78	0	0	0	0
ASV162	3	4	1	0	4	3	12	15	6	7	33	28	8
ASV54	16	15	3	3	23	4	23	2	12	24	103	256	1
ASV3	1	229	376	1442	37	359	25	50	2	0	0	0	0
ASV31	0	200	148	1	3	138	47	18	0	0	0	0	0
ASV37	6	81	0	5	427	0	0	0	0	0	0	0	0
ASV270	0	11	1	1	1	1	23	14	23	3	3	2	0
ASV53	4	5	6	17	16	11	7	223	52	61	19	18	5
ASV33	0	0	0	0	0	14	6	67	2	403	192	65	1
ASV220	0	8	1	3	8	0	7	20	10	0	0	0	0
ASV39	282	9	1	0	0	0	0	0	0	0	0	0	0
ASV18	0	814	2	0	1	0	0	0	0	0	0	0	0
ASV19	7	1	0	46	0	7	0	690	31	0	0	0	0
ASV94	0	0	0	0	0	91	110	0	13	0	0	0	0
ASV59	5	5	1	11	14	14	10	31	27	75	61	72	17
ASV26	61	25	6	28	77	31	18	0	46	272	9	150	75
ASV98	1	1	25	134	0	0	0	0	0	0	0	0	0
ASV139	63	1	15	5	0	1	2	0	3	0	0	0	0
ASV14	174	58	6	786	0	20	2	37	0	0	0	0	0
ASV167	6	0	39	28	0	0	0	0	0	0	0	0	0
ASV72	15	1	2	20	6	44	44	68	43	6	11	0	184
ASV222	2	9	0	1	4	1	8	5	6	20	8	3	3
ASV89	0	41	4	44	5	54	6	19	0	0	0	0	0
ASV17	86	42	348	14	3	174	6	0	263	6	32	0	6
ASV253	10	5	0	1	1	1	2	0	6	2	48	10	0
ASV206	0	0	0	0	0	21	48	2	2	0	0	0	0
ASV171	7	4	1	4	7	3	10	24	6	10	1	22	5
ASV27	0	37	309	117	0	55	21	13	1	0	0	0	0
ASV51	10	0	3	2	0	0	185	3	134	0	116	72	65
