Group	P10_D00_010_C0E	P02_D00_010_C0A	P04_D00_010_C0B	P06_D00_010_C0C	P08_D00_010_C0D	P01_D00_010_W3A	P03_D00_010_W3B	P07_D00_010_W3D	P09_D00_010_W3E	P01_D00_010_W8A	P03_D00_010_W8B	P05_D00_010_W8C	P07_D00_010_W8D
ASV116	49.7842681712579	0	50.3271263210871	115.645134643978	0	110.706942906848	2218.74184286087	200.222469410456	348.594004183128	62.6370184779205	217.627856365615	0	48.6854917234664
ASV4	4314.63657484235	8712.19326612136	1912.43080020131	1189.49281348092	15973.4584884285	3178.87078918235	652.571130253198	1090.10011123471	1882.40762258889	1002.19229564673	2176.27856365615	4273.72836916623	681.59688412853
ASV416	16.594756057086	76.0890241582652	0	49.5622005617049	0	0	0	0	0	125.274036955841	783.460282916213	78.6575773466177	0
ASV114	0	1502.75822712574	25.1635631605435	297.37320337023	453.14775853698	0	0	0	0	0	0	0	0
ASV233	0	19.0222560395663	100.654252642174	66.0829340822733	80.9192425958893	31.6305551162423	287.131297311407	88.9877641824249	580.99000697188	0	0	0	0
ASV12	531.032193826751	456.534144949591	4177.15148465023	3403.27110523707	0	521.904159417998	9162.09866875489	6540.60066740823	6855.68208226818	0	1109.90206746464	183.534347142108	4917.23466407011
ASV164	0	0	0	0	0	0	0	0	0	438.459129345443	43.525571273123	367.068694284216	584.225900681597
ASV8	0	0	0	0	0	37925.0355843745	26.1028452101279	22.2469410456062	0	125.274036955841	65.2883569096844	131.095962244363	0
ASV45	82.9737802854298	38.0445120791326	50.3271263210871	132.165868164547	0	0	1435.65648655703	355.9510567297	3555.65884266791	689.007203257125	1610.44613710555	3303.61824855794	8276.53359298929
ASV150	0	0	0	0	0	63.2611102324846	0	22.2469410456062	139.437601673251	125.274036955841	4657.23612622416	26.2191924488726	0
ASV124	248.921340856289	456.534144949591	1308.50528434826	0	0	0	0	0	0	0	0	0	0
ASV177	0	0	0	0	0	0	522.056904202558	66.7408231368187	232.396002788752	93.9555277168807	1175.19042437432	340.849501835343	1071.08081791626
ASV274	16.594756057086	114.133536237398	0	33.0414670411366	145.654636672601	15.8152775581211	26.1028452101279	88.9877641824249	162.677201952126	281.866583150642	282.916213275299	209.753539590981	24.3427458617332
ASV202	0	0	0	0	0	0	443.748368572174	289.210233592881	836.625610039507	0	87.0511425462459	209.753539590981	146.056475170399
ASV105	0	0	0	0	0	0	417.645523362047	111.234705228031	1487.33441784801	1096.14782336361	87.0511425462459	1415.83639223912	2482.96007789679
ASV174	0	19.0222560395663	176.144942123805	198.24880224682	0	0	574.262594622814	311.457174638487	232.396002788752	187.911055433761	348.204570184984	209.753539590981	194.741966893866
ASV60	0	4584.36370553548	100.654252642174	49.5622005617049	0	0	0	0	0	0	0	0	0
ASV2	2024.56023896449	1350.58017880921	704.579768495219	429.539071534776	16572.2608836381	221.413885813696	5794.8316366484	1468.29810901001	9295.84011155008	2943.93986846226	11969.5321001088	29444.1531200839	1119.76630963973
ASV38	0	0	25.1635631605435	7748.22402114654	16.1838485191779	0	0	0	0	0	0	0	0
ASV57	66.3790242283439	304.356096633061	603.925515853045	66.0829340822733	64.7353940767114	0	3367.2670321065	400.444938820912	580.99000697188	501.096147823364	0	2569.48085998951	1777.02044790652
ASV70	0	0	0	0	0	0	0	0	0	93.9555277168807	4417.84548422198	2281.06974305191	0
ASV10	116.163292399602	8959.48259463572	8706.59285354806	4609.28465223856	0	0	0	0	0	0	0	0	0
ASV44	232.326584799203	19.0222560395663	0	3238.06377003139	113.286939634245	237.229163371817	1644.47924823806	600.667408231368	534.51080641413	156.592546194801	0	131.095962244363	8252.19084712756
ASV55	116.163292399602	0	0	16.5207335205683	97.1030911150672	94.8916653487269	234.925606891151	2202.44716351502	4485.24285382291	1628.56248042593	1327.52992383025	1337.1788148925	0
ASV126	16.594756057086	1084.26859425528	176.144942123805	379.976870973071	0	0	0	0	0	0	0	0	0
ASV64	33.1895121141719	1635.9140194027	25.1635631605435	49.5622005617049	388.412364460269	442.827771627392	939.702427564605	22.2469410456062	209.156402509877	1659.88098966489	0	943.890928159413	1119.76630963973
ASV34	16.594756057086	0	25.1635631605435	2197.25755823559	0	0	0	0	0	0	0	0	0
ASV95	33.1895121141719	152.17804831653	75.4906894816306	132.165868164547	16.1838485191779	47.4458326743634	2036.02192638998	289.210233592881	1278.17801533814	0	0	0	0
ASV81	33.1895121141719	38.0445120791326	150.981378963261	181.728068726251	48.5515455575336	300.490273604302	1200.73087966588	378.197997775306	2300.72042760865	438.459129345443	413.492927094668	419.507079181961	876.338851022395
ASV100	132.758048456688	380.445120791326	125.817815802718	66.0829340822733	210.390030749312	47.4458326743634	182.719916470895	133.481646273637	348.594004183128	281.866583150642	1196.95321001088	1494.49396958574	73.0282375851996
ASV58	365.084633255891	76.0890241582652	125.817815802718	462.580538575913	0	0	0	0	0	0	0	0	0
ASV129	66.3790242283439	76.0890241582652	25.1635631605435	33.0414670411366	178.022333710956	79.0763877906057	443.748368572174	155.728587319244	673.948408087381	939.555277168807	130.576713819369	524.383848977452	73.0282375851996
ASV104	614.005974112181	114.133536237398	125.817815802718	264.331736329093	323.676970383557	63.2611102324846	365.439832941791	533.92658509455	255.635603067627	0	0	0	0
ASV20	0	2434.84877306449	3271.26321087066	4510.16025111515	647.353940767114	173.968053139333	365.439832941791	4961.06785317019	0	0	0	0	0
ASV86	0	0	0	0	0	79.0763877906057	287.131297311407	133.481646273637	2393.67882872415	1315.37738803633	0	1363.39800734137	3188.89970788705
ASV119	0	0	0	0	0	917.286098371026	2166.53615244062	0	46.4792005577504	0	0	0	0
ASV23	82.9737802854298	1959.29237207533	1635.63160543533	165.207335205683	9499.91908075741	15.8152775581211	861.393891934221	66.7408231368187	488.031605856379	0	0	0	0
ASV120	0	551.645425147422	0	462.580538575913	1084.31785078492	0	0	0	0	0	0	0	0
ASV278	49.7842681712579	38.0445120791326	50.3271263210871	16.5207335205683	0	15.8152775581211	52.2056904202558	111.234705228031	139.437601673251	469.777638584403	108.813928182807	550.603041426324	48.6854917234664
ASV118	132.758048456688	247.289328514362	1333.66884750881	231.290269287956	32.3676970383557	0	0	0	0	0	0	0	0
ASV22	2339.86060404912	3633.25090355716	1610.46804227479	148.686601685115	3851.75594756433	1091.25415151036	0	289.210233592881	441.552405298629	626.370184779204	0	1206.08285264814	170.399221032132
ASV300	16.594756057086	0	25.1635631605435	0	64.7353940767114	15.8152775581211	287.131297311407	0	418.312805019754	31.3185092389602	435.25571273123	367.068694284216	0
ASV250	0	57.0667681186989	0	264.331736329093	744.457031882182	0	0	0	0	0	0	0	0
ASV25	199.137072685032	8540.99296176527	150.981378963261	0	0	0	0	0	0	0	0	0	0
ASV261	0	0	0	0	0	0	0	0	0	344.503601628562	935.799782372144	786.575773466177	0
ASV91	49.7842681712579	114.133536237398	150.981378963261	99.1244011234099	113.286939634245	173.968053139333	52.2056904202558	355.9510567297	790.146409481757	1033.51080488569	1675.73449401523	1704.24750917672	97.3709834469328
ASV111	0	76.0890241582652	25.1635631605435	33.0414670411366	1375.62712413012	15.8152775581211	287.131297311407	867.630700778643	162.677201952126	407.140620106483	130.576713819369	629.260618772942	121.713729308666
ASV9	1028.87487553933	1902.22560395663	981.378963261198	1222.53428052206	6651.5617413821	885.655543254784	9788.56695379796	6407.11902113459	3973.97164768766	3789.53961791419	1436.34385201306	1861.56266386995	486.854917234664
ASV205	99.5685363425158	133.155792276964	0	0	80.9192425958893	31.6305551162423	78.3085356303837	222.469410456062	255.635603067627	720.325712496085	391.730141458107	78.6575773466177	0
ASV316	16.594756057086	19.0222560395663	75.4906894816306	0	145.654636672601	0	365.439832941791	111.234705228031	69.7188008366256	313.185092389602	0	104.87676979549	413.826679649464
ASV219	0	0	0	0	0	0	0	0	0	125.274036955841	2306.85527747552	603.041426324069	0
ASV128	33.1895121141719	19.0222560395663	50.3271263210871	0	0	300.490273604302	1618.37640302793	22.2469410456062	2091.56402509877	0	0	0	0
ASV169	132.758048456688	494.578657028724	50.3271263210871	82.6036676028416	64.7353940767114	221.413885813696	0	222.469410456062	255.635603067627	0	0	0	0
ASV186	66.3790242283439	0	25.1635631605435	346.935403931935	776.824728920537	0	0	0	0	0	0	0	0
ASV184	16.594756057086	57.0667681186989	402.617010568697	33.0414670411366	679.72163780547	0	0	0	0	0	0	0	0
ASV262	16.594756057086	0	50.3271263210871	875.598876590121	0	0	0	0	0	0	0	0	0
ASV259	66.3790242283439	209.244816435229	75.4906894816306	0	113.286939634245	173.968053139333	130.51422605064	133.481646273637	348.594004183128	0	0	0	0
ASV286	0	0	0	0	0	15.8152775581211	26.1028452101279	0	185.916802231002	1158.78484184153	783.460282916213	131.095962244363	0
ASV1	66013.939595088	1959.29237207533	301.962757926522	33.0414670411366	0	19863.9886130002	78.3085356303837	0	162.677201952126	0	0	0	0
ASV103	0	0	0	0	0	0	0	0	0	2067.02160977137	718.171926006529	1284.74042999476	0
ASV172	0	228.267072474795	0	974.723277713531	80.9192425958893	0	0	0	0	0	0	0	0
ASV208	0	989.157314057447	25.1635631605435	0	16.1838485191779	0	0	0	0	0	0	0	0
ASV106	0	0	0	0	0	0	0	0	0	2223.61415596618	3351.46898803047	445.726271630834	0
ASV83	0	228.267072474795	2692.50125817816	16.5207335205683	0	0	0	0	0	0	0	0	0
ASV227	0	0	0	0	0	0	469.851213782302	467.185761957731	418.312805019754	0	0	0	0
ASV74	82.9737802854298	0	176.144942123805	231.290269287956	194.206182230134	15.8152775581211	0	88.9877641824249	2626.0748315129	1158.78484184153	3307.94341675734	576.822233875197	0
ASV307	0	0	0	0	0	0	0	0	0	125.274036955841	1131.6648531012	131.095962244363	170.399221032132
ASV196	0	0	0	0	0	0	443.748368572174	289.210233592881	697.188008366256	0	348.204570184984	78.6575773466177	97.3709834469328
ASV200	0	114.133536237398	452.944136889784	16.5207335205683	0	268.859718488059	26.1028452101279	689.655172413793	0	0	0	0	0
ASV125	0	0	0	0	0	15.8152775581211	208.822761681023	88.9877641824249	232.396002788752	782.962730974006	261.153427638738	183.534347142108	7181.1100292113
ASV97	0	57.0667681186989	0	181.728068726251	16.1838485191779	268.859718488059	26.1028452101279	0	4950.03485940042	0	0	0	0
ASV147	16.594756057086	152.17804831653	1157.523905385	0	0	0	0	0	0	0	0	0	0
ASV170	813.143046797212	0	0	49.5622005617049	80.9192425958893	0	0	0	0	0	0	0	0
ASV102	16.594756057086	19.0222560395663	0	313.893936890798	129.470788153423	31.6305551162423	182.719916470895	155.728587319244	0	93.9555277168807	1371.05549510337	2910.33036182486	48.6854917234664
ASV268	49.7842681712579	38.0445120791326	0	0	64.7353940767114	79.0763877906057	0	66.7408231368187	348.594004183128	187.911055433761	870.511425462459	52.4383848977452	48.6854917234664
ASV101	116.163292399602	76.0890241582652	25.1635631605435	49.5622005617049	1051.95015374656	0	261.028452101279	88.9877641824249	395.073204740878	31.3185092389602	152.33949945593	1546.93235448348	0
ASV13	763.358778625954	5687.65455583032	75.4906894816306	280.852469849661	8140.47580514646	5883.28325162107	130.51422605064	444.938820912125	1673.25122007901	563.733166301284	0	3303.61824855794	146.056475170399
ASV148	149.352804513774	57.0667681186989	125.817815802718	0	258.941576306846	316.305551162423	52.2056904202558	378.197997775306	0	0	0	0	0
ASV48	248.921340856289	380.445120791326	75.4906894816306	264.331736329093	1132.86939634245	948.916653487269	287.131297311407	2046.71857619577	1510.57401812689	2662.07328531162	152.33949945593	78.6575773466177	243.427458617332
ASV36	132.758048456688	456.534144949591	1333.66884750881	231.290269287956	582.618546690403	474.458326743634	2036.02192638998	2335.92880978865	371.833604462003	3069.2139054181	674.646354733406	209.753539590981	11684.5180136319
ASV49	0	38.0445120791326	0	280.852469849661	32.3676970383557	0	52.2056904202558	8431.59065628476	278.875203346502	0	0	0	0
ASV62	912.711583139728	0	100.654252642174	2858.08689905832	0	142.33749802309	0	44.4938820912125	69.7188008366256	0	0	0	0
ASV16	33.1895121141719	2701.16035761841	5812.78309008556	2098.13315711218	32.3676970383557	2214.13885813696	11667.9718089272	133.481646273637	673.948408087381	93.9555277168807	761.697497279652	157.315154693235	0
ASV79	0	836.979265740917	100.654252642174	0	1521.28176080272	15.8152775581211	26.1028452101279	444.938820912125	0	1346.69589727529	195.865070729053	235.972732039853	632.911392405063
ASV68	49.7842681712579	38.0445120791326	25.1635631605435	132.165868164547	4822.786858715	0	0	0	0	0	0	0	0
ASV144	0	57.0667681186989	100.654252642174	0	550.250849652047	0	0	0	0	1378.01440651425	0	340.849501835343	97.3709834469328
ASV163	265.516096913375	266.311584553928	0	99.1244011234099	0	142.33749802309	365.439832941791	155.728587319244	0	93.9555277168807	65.2883569096844	0	97.3709834469328
ASV154	0	0	0	0	0	0	0	0	0	31.3185092389602	500.544069640914	2149.97378080755	24.3427458617332
ASV11	66.3790242283439	152.17804831653	11474.5848012079	0	0	0	0	0	0	0	0	0	0
ASV136	49.7842681712579	19.0222560395663	0	66.0829340822733	161.838485191779	47.4458326743634	130.51422605064	378.197997775306	69.7188008366256	93.9555277168807	1762.78563656148	629.260618772942	73.0282375851996
ASV210	0	0	0	0	0	0	0	0	0	31.3185092389602	1632.20892274211	576.822233875197	0
ASV189	182.542316627946	38.0445120791326	377.453447408153	132.165868164547	194.206182230134	0	234.925606891151	22.2469410456062	116.198001394376	0	0	0	0
ASV113	0	0	0	0	0	31.6305551162423	182.719916470895	756.395995550612	255.635603067627	720.325712496085	0	2018.87781856319	97.3709834469328
ASV84	0	114.133536237398	3925.51585304479	16.5207335205683	0	0	0	0	0	0	0	0	0
ASV131	0	0	0	0	0	0	287.131297311407	333.704115684093	488.031605856379	407.140620106483	761.697497279652	0	48.6854917234664
ASV66	0	0	0	0	0	15.8152775581211	0	3781.97997775306	46.4792005577504	0	0	0	0
ASV358	0	0	0	0	0	31.6305551162423	52.2056904202558	88.9877641824249	69.7188008366256	313.185092389602	652.883569096844	393.287886733089	0
ASV127	0	0	75.4906894816306	148.686601685115	97.1030911150672	0	0	0	0	1002.19229564673	652.883569096844	629.260618772942	194.741966893866
ASV29	1211.41719216728	19.0222560395663	125.817815802718	6657.85560878903	0	31.6305551162423	208.822761681023	155.728587319244	488.031605856379	0	0	0	0
ASV71	265.516096913375	741.867985543085	226.472068444892	148.686601685115	987.21475966985	0	0	0	0	0	0	0	0
ASV88	16.594756057086	209.244816435229	50.3271263210871	66.0829340822733	0	0	3523.88410336727	200.222469410456	185.916802231002	125.274036955841	0	1258.52123754588	73.0282375851996
ASV251	0	38.0445120791326	0	99.1244011234099	291.309273345201	126.522220464969	522.056904202558	0	162.677201952126	0	0	0	0
ASV180	82.9737802854298	0	50.3271263210871	132.165868164547	323.676970383557	63.2611102324846	0	66.7408231368187	557.750406693005	0	0	0	0
ASV140	0	0	0	0	0	332.120828720544	130.51422605064	0	302.114803625378	31.3185092389602	4461.3710554951	52.4383848977452	24.3427458617332
ASV40	779.95353468304	285.333840593494	704.579768495219	875.598876590121	1634.56870043696	664.241657441088	2401.46175933177	1824.24916573971	999.302811991634	0	0	0	0
ASV183	66.3790242283439	133.155792276964	25.1635631605435	0	776.824728920537	63.2611102324846	78.3085356303837	0	139.437601673251	62.6370184779205	174.102285092492	0	73.0282375851996
ASV42	49.7842681712579	1217.42438653224	1056.86965274283	1139.93061291921	64.7353940767114	1138.69998418472	1722.78778386844	2447.16351501669	209.156402509877	0	0	0	0
ASV137	0	0	0	0	0	15.8152775581211	626.46828504307	1757.50834260289	0	0	0	0	0
ASV188	0	380.445120791326	553.598389531958	16.5207335205683	178.022333710956	0	0	0	0	0	0	0	0
ASV78	0	0	50.3271263210871	99.1244011234099	32.3676970383557	0	365.439832941791	177.97552836485	697.188008366256	93.9555277168807	11904.2437431991	52.4383848977452	73.0282375851996
ASV199	0	0	0	0	0	0	1018.01096319499	222.469410456062	162.677201952126	0	0	0	0
ASV46	0	0	0	0	0	332.120828720544	783.085356303837	3047.83092324805	1464.09481756914	0	0	0	0
ASV24	547.626949883837	209.244816435229	226.472068444892	1503.38675037172	210.390030749312	1755.49580895145	1853.30200991908	3982.20244716351	441.552405298629	125.274036955841	21.7627856365615	78.6575773466177	24951.3145082765
ASV190	0	247.289328514362	226.472068444892	0	760.640880401359	0	0	0	0	0	0	0	0
ASV151	531.032193826751	19.0222560395663	327.126321087066	49.5622005617049	0	15.8152775581211	52.2056904202558	0	185.916802231002	0	0	0	0
ASV15	16.594756057086	19.0222560395663	50.3271263210871	1123.40987939865	16.1838485191779	521.904159417998	4359.17515009136	1935.48387096774	2788.75203346502	24459.7557156279	348.204570184984	314.630309386471	4917.23466407011
ASV65	149.352804513774	0	0	132.165868164547	2573.23191454928	0	0	0	0	657.688694018165	65.2883569096844	393.287886733089	267.770204479065
ASV92	0	0	0	0	0	15.8152775581211	339.336987731663	155.728587319244	1347.89681617476	689.007203257125	805.223068552775	1861.56266386995	3213.24245374878
ASV28	0	0	0	0	0	15.8152775581211	182.719916470895	3692.99221357063	7343.71368812456	3946.13216410899	7007.6169749728	78.6575773466177	0
ASV109	0	0	352.289884247609	264.331736329093	1650.75254895614	0	52.2056904202558	266.963292547275	348.594004183128	0	0	0	0
ASV312	0	0	0	0	0	0	0	0	0	219.229564672722	1741.02285092492	131.095962244363	0
ASV329	0	0	150.981378963261	16.5207335205683	113.286939634245	15.8152775581211	0	66.7408231368187	580.99000697188	62.6370184779205	0	262.191924488726	267.770204479065
ASV56	132.758048456688	380.445120791326	5963.76446904882	231.290269287956	16.1838485191779	0	0	0	0	0	0	0	0
ASV135	116.163292399602	190.222560395663	0	247.811002808525	291.309273345201	15.8152775581211	0	66.7408231368187	1812.68882175227	0	0	0	0
ASV162	49.7842681712579	76.0890241582652	25.1635631605435	0	64.7353940767114	47.4458326743634	313.234142521535	333.704115684093	139.437601673251	219.229564672722	718.171926006529	734.137388568432	194.741966893866
ASV54	265.516096913375	285.333840593494	75.4906894816306	49.5622005617049	372.228515941091	63.2611102324846	600.365439832942	44.4938820912125	278.875203346502	751.644221735045	2241.56692056583	6712.11326691138	24.3427458617332
ASV3	16.594756057086	4356.09663306068	9461.49974836437	23822.8977366595	598.802395209581	5677.68464336549	652.571130253198	1112.34705228031	46.4792005577504	0	0	0	0
ASV31	0	3804.45120791326	3724.20734776044	16.5207335205683	48.5515455575336	2182.50830302072	1226.83372487601	400.444938820912	0	0	0	0	0
ASV37	99.5685363425158	1540.80273920487	0	82.6036676028416	6910.50331768895	0	0	0	0	0	0	0	0
ASV270	0	209.244816435229	25.1635631605435	16.5207335205683	16.1838485191779	15.8152775581211	600.365439832942	311.457174638487	534.51080641413	93.9555277168807	65.2883569096844	52.4383848977452	0
ASV53	66.3790242283439	95.1112801978315	150.981378963261	280.852469849661	258.941576306846	173.968053139333	182.719916470895	4961.06785317019	1208.45921450151	1910.42906357657	413.492927094668	471.945464079706	121.713729308666
ASV33	0	0	0	0	0	221.413885813696	156.617071260767	1490.54505005562	46.4792005577504	12621.359223301	4178.4548422198	1704.24750917672	24.3427458617332
ASV220	0	152.17804831653	25.1635631605435	49.5622005617049	129.470788153423	0	182.719916470895	444.938820912125	232.396002788752	0	0	0	0
ASV39	4679.72120809824	171.200304356097	25.1635631605435	0	0	0	0	0	0	0	0	0	0
ASV18	0	15484.116416207	50.3271263210871	0	16.1838485191779	0	0	0	0	0	0	0	0
ASV19	116.163292399602	19.0222560395663	0	759.953741946142	0	110.706942906848	0	15350.3893214683	720.427608645131	0	0	0	0
ASV94	0	0	0	0	0	1439.19025778902	2871.31297311407	0	302.114803625378	0	0	0	0
ASV59	82.9737802854298	95.1112801978315	25.1635631605435	181.728068726251	226.57387926849	221.413885813696	261.028452101279	689.655172413793	627.46920752963	2348.88819292202	1327.52992383025	1887.78185631883	413.826679649464
ASV26	1012.28011948224	475.556400989157	150.981378963261	462.580538575913	1246.1563359767	490.273604301756	469.851213782302	0	1069.02161282826	8518.63451299718	195.865070729053	3932.87886733089	1825.70593962999
ASV98	16.594756057086	19.0222560395663	629.089079013588	2213.77829175615	0	0	0	0	0	0	0	0	0
ASV139	1045.46963159642	19.0222560395663	377.453447408153	82.6036676028416	0	15.8152775581211	52.2056904202558	0	69.7188008366256	0	0	0	0
ASV14	2887.48755393296	1103.29085029484	150.981378963261	12985.2965471667	0	316.305551162423	52.2056904202558	823.13681868743	0	0	0	0	0
ASV167	99.5685363425158	0	981.378963261198	462.580538575913	0	0	0	0	0	0	0	0	0
ASV72	248.921340856289	19.0222560395663	50.3271263210871	330.414670411366	97.1030911150672	695.87221255733	1148.52518924563	1512.79199110122	999.302811991634	187.911055433761	239.390642002176	0	4479.06523855891
ASV222	33.1895121141719	171.200304356097	0	16.5207335205683	64.7353940767114	15.8152775581211	208.822761681023	111.234705228031	139.437601673251	626.370184779204	174.102285092492	78.6575773466177	73.0282375851996
ASV89	0	779.912497622218	100.654252642174	726.912274905006	80.9192425958893	854.024988138542	156.617071260767	422.691879866518	0	0	0	0	0
ASV17	1427.14902090939	798.934753661784	8756.91997986915	231.290269287956	48.5515455575336	2751.85829511308	156.617071260767	0	6112.01487334418	187.911055433761	696.409140369967	0	146.056475170399
ASV253	165.94756057086	95.1112801978315	0	16.5207335205683	16.1838485191779	15.8152775581211	52.2056904202558	0	139.437601673251	62.6370184779205	1044.61371055495	262.191924488726	0
ASV206	0	0	0	0	0	332.120828720544	1252.93657008614	44.4938820912125	46.4792005577504	0	0	0	0
ASV171	116.163292399602	76.0890241582652	25.1635631605435	66.0829340822733	113.286939634245	47.4458326743634	261.028452101279	533.92658509455	139.437601673251	313.185092389602	21.7627856365615	576.822233875197	121.713729308666
ASV27	0	703.823473463953	7775.54101660795	1932.92582190649	0	869.840265696663	548.159749412686	289.210233592881	23.2396002788752	0	0	0	0
ASV51	165.94756057086	0	75.4906894816306	33.0414670411366	0	0	4829.02636387366	66.7408231368187	3114.10643736928	0	2524.48313384113	1887.78185631883	1582.27848101266
